0 0.0889423076923077 0.635576923076923 0.01201923076923077 0.011538461538461539
0 0.046153846153846156 0.4230769230769231 0.010576923076923078 0.0125
0 0.32067307692307695 0.5302884615384615 0.010576923076923078 0.0125
0 0.1605769230769231 0.6528846153846154 0.01201923076923077 0.011538461538461539
0 0.0057692307692307696 0.3716346153846154 0.011057692307692308 0.013461538461538462
0 0.006730769230769231 0.4908653846153846 0.011538461538461539 0.011057692307692308
0 0.061057692307692306 0.4913461538461538 0.01201923076923077 0.01201923076923077
0 0.2076923076923077 0.698076923076923 0.01201923076923077 0.01201923076923077
0 0.03701923076923077 0.49182692307692305 0.011538461538461539 0.011057692307692308
0 0.23076923076923078 0.6778846153846154 0.01201923076923077 0.011538461538461539
0 0.11586538461538462 0.35336538461538464 0.013942307692307693 0.0125
0 0.1764423076923077 0.5841346153846154 0.00625 0.00625
0 0.1076923076923077 0.4081730769230769 0.009615384615384616 0.011057692307692308
0 0.30625 0.3346153846153846 0.012980769230769231 0.0125
0 0.6716346153846153 0.7149038461538462 0.006730769230769231 0.00625
0 0.6009615384615384 0.6990384615384615 0.014423076923076924 0.014903846153846155
0 0.10817307692307693 0.7110576923076923 0.007211538461538462 0.007692307692307693
0 0.5629807692307692 0.10528846153846154 0.00625 0.00625
0 0.22932692307692307 0.24423076923076922 0.010096153846153847 0.010096153846153847
0 0.11201923076923077 0.36201923076923076 0.006730769230769231 0.004807692307692308
0 0.6860576923076923 0.6889423076923077 0.004807692307692308 0.005288461538461539
0 0.026442307692307692 0.6591346153846154 0.014903846153846155 0.014423076923076924
0 0.19230769230769232 0.4442307692307692 0.00625 0.00625
0 0.4668269230769231 0.7033653846153847 0.014423076923076924 0.015384615384615385
0 0.075 0.6971153846153846 0.01201923076923077 0.013461538461538462
0 0.4625 0.6783653846153846 0.010576923076923078 0.011057692307692308
