0 0.016826923076923076 0.014903846153846155 0.022115384615384617 0.021634615384615384
0 0.0985576923076923 0.05576923076923077 0.022115384615384617 0.021634615384615384
0 0.18173076923076922 0.03173076923076923 0.022115384615384617 0.022115384615384617
0 0.19278846153846155 0.05336538461538461 0.022115384615384617 0.021634615384615384
0 0.36538461538461536 0.03413461538461538 0.022115384615384617 0.022115384615384617
0 0.29951923076923076 0.03701923076923077 0.022115384615384617 0.022115384615384617
0 0.3918269230769231 0.038461538461538464 0.021634615384615384 0.021634615384615384
0 0.7254807692307692 0.057692307692307696 0.021634615384615384 0.022115384615384617
0 0.45576923076923076 0.1110576923076923 0.022115384615384617 0.022115384615384617
0 0.17596153846153847 0.14326923076923076 0.021634615384615384 0.022115384615384617
0 0.032692307692307694 0.14711538461538462 0.022115384615384617 0.022115384615384617
0 0.2860576923076923 0.27548076923076925 0.022115384615384617 0.021634615384615384
0 0.4076923076923077 0.21778846153846154 0.022115384615384617 0.022115384615384617
0 0.4125 0.26298076923076924 0.022115384615384617 0.021634615384615384
0 0.6730769230769231 0.24423076923076922 0.022115384615384617 0.022115384615384617
0 0.7254807692307692 0.2653846153846154 0.021634615384615384 0.021634615384615384
0 0.011538461538461539 0.3802884615384615 0.022115384615384617 0.022115384615384617
0 0.6596153846153846 0.4658653846153846 0.022115384615384617 0.022115384615384617
0 0.7975961538461539 0.38317307692307695 0.021634615384615384 0.022115384615384617
