0 0.6192307692307693 0.2764423076923077 0.012980769230769231 0.013942307692307693
0 0.7423076923076923 0.7629807692307692 0.012980769230769231 0.013461538461538462
0 0.6975961538461538 0.6581730769230769 0.012980769230769231 0.013461538461538462
0 0.5360576923076923 0.2423076923076923 0.013942307692307693 0.012980769230769231
0 0.33076923076923076 0.01826923076923077 0.013461538461538462 0.015384615384615385
0 0.4826923076923077 0.02403846153846154 0.014423076923076924 0.015384615384615385
0 0.6653846153846154 0.7528846153846154 0.013461538461538462 0.0125
0 0.7091346153846154 0.5951923076923077 0.013461538461538462 0.012980769230769231
0 0.19278846153846155 0.1201923076923077 0.014423076923076924 0.015865384615384615
0 0.7783653846153846 0.5365384615384615 0.01730769230769231 0.016826923076923076
0 0.40240384615384617 0.58125 0.014903846153846155 0.014903846153846155
0 0.4600961538461538 0.46875 0.014423076923076924 0.014903846153846155
0 0.6389423076923076 0.16201923076923078 0.013942307692307693 0.013942307692307693
0 0.46634615384615385 0.7326923076923076 0.014903846153846155 0.015384615384615385
0 0.6711538461538461 0.7480769230769231 0.012980769230769231 0.011538461538461539
0 0.4600961538461538 0.45913461538461536 0.020673076923076922 0.020192307692307693
0 0.3528846153846154 0.4807692307692308 0.020192307692307693 0.020673076923076922
