0 0.770673076923077 0.046634615384615385 0.014423076923076924 0.014423076923076924
0 0.5865384615384616 0.38269230769230766 0.012980769230769231 0.012980769230769231
0 0.6096153846153847 0.20096153846153847 0.014423076923076924 0.014423076923076924
0 0.3456730769230769 0.16875 0.011538461538461539 0.0125
0 0.3716346153846154 0.5817307692307693 0.01201923076923077 0.0125
0 0.6091346153846153 0.5576923076923077 0.01201923076923077 0.0125
0 0.6197115384615385 0.3798076923076923 0.013461538461538462 0.013461538461538462
0 0.7105769230769231 0.3298076923076923 0.013461538461538462 0.013942307692307693
0 0.6403846153846153 0.6764423076923077 0.01201923076923077 0.012980769230769231
0 0.6764423076923077 0.6346153846153846 0.011538461538461539 0.0125
0 0.7120192307692308 0.36923076923076925 0.011057692307692308 0.010576923076923078
0 0.40625 0.010576923076923078 0.017788461538461538 0.01826923076923077
0 0.5735576923076923 0.43798076923076923 0.013461538461538462 0.013461538461538462
