0 0.1639423076923077 0.3629807692307692 0.012980769230769231 0.013461538461538462
0 0.26875 0.6389423076923076 0.010096153846153847 0.009615384615384616
0 0.09903846153846153 0.18076923076923077 0.011057692307692308 0.0125
0 0.5009615384615385 0.11730769230769231 0.0125 0.0125
0 0.4216346153846154 0.3408653846153846 0.010576923076923078 0.011057692307692308
0 0.06490384615384616 0.27548076923076925 0.004807692307692308 0.00625
0 0.13365384615384615 0.7024038461538461 0.005288461538461539 0.00625
0 0.22740384615384615 0.5346153846153846 0.01201923076923077 0.012980769230769231
0 0.11153846153846154 0.24807692307692308 0.012980769230769231 0.0125
0 0.5120192307692307 0.3375 0.009615384615384616 0.011538461538461539
0 0.11201923076923077 0.7721153846153846 0.011057692307692308 0.011057692307692308
0 0.046634615384615385 0.2221153846153846 0.010096153846153847 0.01201923076923077
0 0.10240384615384615 0.6899038461538461 0.011057692307692308 0.011538461538461539
0 0.20336538461538461 0.20673076923076922 0.004807692307692308 0.00625
0 0.08028846153846154 0.2548076923076923 0.011538461538461539 0.011057692307692308
0 0.47884615384615387 0.09951923076923076 0.008173076923076924 0.009134615384615385
0 0.18653846153846154 0.16105769230769232 0.009615384615384616 0.011538461538461539
0 0.058653846153846154 0.27692307692307694 0.005288461538461539 0.00625
0 0.2721153846153846 0.14471153846153847 0.011538461538461539 0.012980769230769231
0 0.16490384615384615 0.1596153846153846 0.011538461538461539 0.01201923076923077
0 0.19663461538461538 0.20192307692307693 0.011538461538461539 0.01201923076923077
0 0.2668269230769231 0.1375 0.021153846153846155 0.021153846153846155
