0 0.028846153846153848 0.03076923076923077 0.022115384615384617 0.022115384615384617
0 0.2985576923076923 0.04326923076923077 0.021634615384615384 0.022115384615384617
0 0.7038461538461539 0.03461538461538462 0.022115384615384617 0.022115384615384617
0 0.7115384615384616 0.025 0.022115384615384617 0.022115384615384617
0 0.6990384615384615 0.047596153846153844 0.022115384615384617 0.021634615384615384
0 0.7980769230769231 0.04326923076923077 0.022115384615384617 0.022115384615384617
0 0.7836538461538461 0.12692307692307692 0.022115384615384617 0.021634615384615384
0 0.78125 0.08701923076923077 0.021634615384615384 0.022115384615384617
0 0.4110576923076923 0.19471153846153846 0.022115384615384617 0.022115384615384617
0 0.21923076923076923 0.19759615384615384 0.021634615384615384 0.021634615384615384
0 0.13701923076923078 0.35336538461538464 0.022115384615384617 0.022115384615384617
0 0.4149038461538462 0.23173076923076924 0.022115384615384617 0.022115384615384617
0 0.6033653846153846 0.29134615384615387 0.022115384615384617 0.022115384615384617
0 0.5326923076923077 0.2591346153846154 0.022115384615384617 0.022115384615384617
0 0.7908653846153846 0.5201923076923077 0.022115384615384617 0.021634615384615384
0 0.6283653846153846 0.5028846153846154 0.022115384615384617 0.021634615384615384
0 0.5740384615384615 0.49038461538461536 0.021634615384615384 0.021634615384615384
0 0.4634615384615385 0.49230769230769234 0.022115384615384617 0.022115384615384617
0 0.4807692307692308 0.5274038461538462 0.022115384615384617 0.022115384615384617
0 0.3456730769230769 0.48509615384615384 0.022115384615384617 0.022115384615384617
0 0.22403846153846155 0.4216346153846154 0.022115384615384617 0.022115384615384617
0 0.1423076923076923 0.5211538461538462 0.021634615384615384 0.022115384615384617
0 0.04278846153846154 0.5177884615384616 0.022115384615384617 0.021634615384615384
0 0.225 0.614423076923077 0.022115384615384617 0.021634615384615384
0 0.47451923076923075 0.5932692307692308 0.022115384615384617 0.022115384615384617
0 0.5245192307692308 0.6735576923076924 0.021634615384615384 0.022115384615384617
0 0.5264423076923077 0.6365384615384615 0.022115384615384617 0.022115384615384617
0 0.6721153846153847 0.55625 0.021634615384615384 0.021634615384615384
0 0.7625 0.5360576923076923 0.022115384615384617 0.022115384615384617
0 0.6528846153846154 0.7110576923076923 0.022115384615384617 0.022115384615384617
0 0.6322115384615384 0.7120192307692308 0.022115384615384617 0.022115384615384617
