0 0.46634615384615385 0.5620192307692308 0.01201923076923077 0.0125
0 0.26778846153846153 0.44471153846153844 0.012980769230769231 0.01201923076923077
0 0.23942307692307693 0.6658653846153846 0.011538461538461539 0.011057692307692308
0 0.7 0.6586538461538461 0.010096153846153847 0.01201923076923077
0 0.49423076923076925 0.31490384615384615 0.011538461538461539 0.013942307692307693
0 0.5649038461538461 0.6221153846153846 0.01201923076923077 0.01201923076923077
0 0.4153846153846154 0.6538461538461539 0.0125 0.012980769230769231
0 0.16682692307692307 0.6831730769230769 0.012980769230769231 0.013942307692307693
0 0.03894230769230769 0.3283653846153846 0.01201923076923077 0.011538461538461539
0 0.5533653846153846 0.5610576923076923 0.010576923076923078 0.01201923076923077
0 0.2778846153846154 0.5942307692307692 0.013942307692307693 0.013942307692307693
0 0.6216346153846154 0.73125 0.012980769230769231 0.013461538461538462
0 0.5557692307692308 0.30528846153846156 0.0125 0.01201923076923077
0 0.6625 0.3485576923076923 0.010576923076923078 0.011057692307692308
0 0.6990384615384615 0.6052884615384615 0.011538461538461539 0.011057692307692308
0 0.07259615384615385 0.6990384615384615 0.01201923076923077 0.0125
0 0.4875 0.08461538461538462 0.012980769230769231 0.012980769230769231
0 0.23125 0.24951923076923077 0.006730769230769231 0.007692307692307693
0 0.38221153846153844 0.6528846153846154 0.013942307692307693 0.013942307692307693
0 0.3235576923076923 0.7456730769230769 0.011538461538461539 0.013942307692307693
0 0.49038461538461536 0.41201923076923075 0.014903846153846155 0.013942307692307693
