0 0.6543269230769231 0.05432692307692308 0.01826923076923077 0.01730769230769231
0 0.5495192307692308 0.0875 0.015865384615384615 0.015865384615384615
0 0.31201923076923077 0.05625 0.01730769230769231 0.01730769230769231
0 0.7447115384615385 0.6759615384615385 0.014903846153846155 0.015384615384615385
0 0.011538461538461539 0.0375 0.016826923076923076 0.016346153846153847
0 0.225 0.5144230769230769 0.013461538461538462 0.013942307692307693
0 0.026923076923076925 0.37548076923076923 0.011538461538461539 0.01201923076923077
0 0.06923076923076923 0.6951923076923077 0.011538461538461539 0.01201923076923077
0 0.5019230769230769 0.32019230769230766 0.012980769230769231 0.014423076923076924
0 0.5802884615384616 0.07067307692307692 0.014423076923076924 0.014903846153846155
0 0.10384615384615385 0.02451923076923077 0.0125 0.0125
0 0.5365384615384615 0.49038461538461536 0.013461538461538462 0.012980769230769231
0 0.5975961538461538 0.09423076923076923 0.012980769230769231 0.012980769230769231
0 0.6081730769230769 0.4461538461538462 0.0125 0.0125
0 0.4778846153846154 0.02403846153846154 0.0125 0.0125
