0 0.10721153846153846 0.30432692307692305 0.01730769230769231 0.01875
0 0.12980769230769232 0.43509615384615385 0.016826923076923076 0.01826923076923077
0 0.7745192307692308 0.3423076923076923 0.01730769230769231 0.015865384615384615
0 0.8600961538461539 0.614423076923077 0.015865384615384615 0.016826923076923076
0 0.20817307692307693 0.08125 0.016826923076923076 0.016346153846153847
0 0.5201923076923077 0.28509615384615383 0.015865384615384615 0.01730769230769231
0 0.22355769230769232 0.10961538461538461 0.01730769230769231 0.016826923076923076
0 0.4033653846153846 0.5798076923076924 0.015384615384615385 0.015865384615384615
0 0.42451923076923076 0.35721153846153847 0.015384615384615385 0.015384615384615385
0 0.44567307692307695 0.25432692307692306 0.016346153846153847 0.01730769230769231
0 0.37596153846153846 0.1528846153846154 0.01826923076923077 0.01826923076923077
0 0.47451923076923075 0.18557692307692308 0.01875 0.01826923076923077
0 0.011538461538461539 0.5033653846153846 0.01875 0.01875
