0 0.45096153846153847 0.06923076923076923 0.022115384615384617 0.022115384615384617
0 0.08798076923076924 0.30865384615384617 0.021634615384615384 0.022115384615384617
0 0.1735576923076923 0.2668269230769231 0.021634615384615384 0.022115384615384617
0 0.3605769230769231 0.3682692307692308 0.022115384615384617 0.022115384615384617
0 0.4201923076923077 0.3235576923076923 0.022115384615384617 0.022115384615384617
0 0.4947115384615385 0.3451923076923077 0.022115384615384617 0.021634615384615384
0 0.5778846153846153 0.2956730769230769 0.022115384615384617 0.021634615384615384
0 0.6072115384615384 0.33605769230769234 0.022115384615384617 0.022115384615384617
0 0.7798076923076923 0.28701923076923075 0.022115384615384617 0.021634615384615384
0 0.7153846153846154 0.5100961538461538 0.022115384615384617 0.022115384615384617
0 0.3466346153846154 0.41586538461538464 0.022115384615384617 0.022115384615384617
0 0.3716346153846154 0.3918269230769231 0.022115384615384617 0.022115384615384617
0 0.026923076923076925 0.41923076923076924 0.022115384615384617 0.022115384615384617
0 0.06682692307692308 0.46153846153846156 0.021634615384615384 0.022115384615384617
0 0.04567307692307692 0.6052884615384615 0.021634615384615384 0.022115384615384617
0 0.10096153846153846 0.5432692307692307 0.022115384615384617 0.022115384615384617
0 0.225 0.6490384615384616 0.022115384615384617 0.022115384615384617
0 0.2466346153846154 0.6528846153846154 0.021634615384615384 0.021634615384615384
0 0.49182692307692305 0.5692307692307692 0.022115384615384617 0.022115384615384617
0 0.5043269230769231 0.5548076923076923 0.022115384615384617 0.022115384615384617
0 0.46826923076923077 0.5370192307692307 0.022115384615384617 0.022115384615384617
0 0.43990384615384615 0.729326923076923 0.022115384615384617 0.022115384615384617
0 0.25240384615384615 0.7442307692307693 0.022115384615384617 0.022115384615384617
0 0.18221153846153845 0.7543269230769231 0.021634615384615384 0.022115384615384617
0 0.19278846153846155 0.7125 0.022115384615384617 0.021634615384615384
0 0.06634615384615385 0.6961538461538461 0.022115384615384617 0.022115384615384617
