0 0.14038461538461539 0.035096153846153846 0.009615384615384616 0.008653846153846154
0 0.3971153846153846 0.30432692307692305 0.008653846153846154 0.008173076923076924
0 0.2745192307692308 0.24375 0.012980769230769231 0.011538461538461539
0 0.6721153846153847 0.27307692307692305 0.014423076923076924 0.012980769230769231
0 0.3802884615384615 0.07259615384615385 0.0125 0.013461538461538462
0 0.4519230769230769 0.035096153846153846 0.0125 0.0125
0 0.07259615384615385 0.05384615384615385 0.011057692307692308 0.0125
0 0.21009615384615385 0.42980769230769234 0.009134615384615385 0.01201923076923077
0 0.23557692307692307 0.3860576923076923 0.013461538461538462 0.012980769230769231
0 0.4326923076923077 0.3504807692307692 0.0125 0.013942307692307693
0 0.42788461538461536 0.6865384615384615 0.0125 0.01201923076923077
0 0.24903846153846154 0.6096153846153847 0.009615384615384616 0.011057692307692308
0 0.5211538461538462 0.39326923076923076 0.0125 0.01201923076923077
0 0.4201923076923077 0.3870192307692308 0.01201923076923077 0.013461538461538462
0 0.7591346153846154 0.021153846153846155 0.0125 0.0125
0 0.7764423076923077 0.4625 0.013942307692307693 0.013461538461538462
0 0.35336538461538464 0.3769230769230769 0.013461538461538462 0.013942307692307693
0 0.4346153846153846 0.4110576923076923 0.010576923076923078 0.009134615384615385
0 0.3735576923076923 0.2759615384615385 0.014423076923076924 0.013942307692307693
0 0.6129807692307693 0.036057692307692304 0.013942307692307693 0.012980769230769231
0 0.5355769230769231 0.770673076923077 0.013942307692307693 0.0125
0 0.69375 0.24182692307692308 0.014903846153846155 0.013461538461538462
0 0.3995192307692308 0.08557692307692308 0.013461538461538462 0.012980769230769231
0 0.7591346153846154 0.5307692307692308 0.013461538461538462 0.014423076923076924
0 0.7783653846153846 0.3855769230769231 0.014423076923076924 0.013461538461538462
0 0.6908653846153846 0.3192307692307692 0.012980769230769231 0.0125
0 0.4115384615384615 0.3951923076923077 0.013461538461538462 0.013942307692307693
0 0.7658653846153847 0.24951923076923077 0.01971153846153846 0.01971153846153846
