0 0.13509615384615384 0.18846153846153846 0.010576923076923078 0.011057692307692308
0 0.1918269230769231 0.4528846153846154 0.0125 0.011538461538461539
0 0.047115384615384615 0.15336538461538463 0.010096153846153847 0.010576923076923078
0 0.13365384615384615 0.04230769230769231 0.011538461538461539 0.011538461538461539
0 0.20528846153846153 0.18701923076923077 0.01201923076923077 0.0125
0 0.11394230769230769 0.06009615384615385 0.0125 0.014423076923076924
0 0.28173076923076923 0.45384615384615384 0.009615384615384616 0.009615384615384616
0 0.08365384615384615 0.007211538461538462 0.010576923076923078 0.010576923076923078
0 0.1596153846153846 0.09230769230769231 0.011538461538461539 0.011538461538461539
0 0.31153846153846154 0.3317307692307692 0.012980769230769231 0.0125
0 0.26826923076923076 0.08509615384615385 0.0125 0.013461538461538462
0 0.04519230769230769 0.1908653846153846 0.013942307692307693 0.014903846153846155
0 0.46971153846153846 0.15384615384615385 0.011538461538461539 0.01201923076923077
0 0.2375 0.09951923076923076 0.01201923076923077 0.01201923076923077
0 0.5966346153846154 0.08125 0.0125 0.0125
0 0.017788461538461538 0.42259615384615384 0.010576923076923078 0.010576923076923078
0 0.11682692307692308 0.1201923076923077 0.01201923076923077 0.0125
0 0.01201923076923077 0.6995192307692307 0.011057692307692308 0.011538461538461539
0 0.4932692307692308 0.07451923076923077 0.011538461538461539 0.0125
0 0.3596153846153846 0.13846153846153847 0.010576923076923078 0.011538461538461539
0 0.25096153846153846 0.2860576923076923 0.0125 0.012980769230769231
0 0.19903846153846153 0.03701923076923077 0.014423076923076924 0.014903846153846155
0 0.15865384615384615 0.06923076923076923 0.01201923076923077 0.0125
