0 0.38269230769230766 0.06201923076923077 0.011057692307692308 0.010576923076923078
0 0.6524038461538462 0.68125 0.011057692307692308 0.010576923076923078
0 0.5278846153846154 0.07163461538461538 0.011538461538461539 0.011057692307692308
0 0.19903846153846153 0.2673076923076923 0.010096153846153847 0.011057692307692308
0 0.24134615384615385 0.5163461538461539 0.010576923076923078 0.011538461538461539
0 0.760576923076923 0.6110576923076924 0.009615384615384616 0.011057692307692308
0 0.010096153846153847 0.8 0.0125 0.012980769230769231
0 0.3923076923076923 0.61875 0.010576923076923078 0.011057692307692308
0 0.7206730769230769 0.6129807692307693 0.006730769230769231 0.00625
0 0.5990384615384615 0.09615384615384616 0.009134615384615385 0.011057692307692308
0 0.4894230769230769 0.2918269230769231 0.004807692307692308 0.0057692307692307696
0 0.4831730769230769 0.29278846153846155 0.0057692307692307696 0.00625
0 0.15576923076923077 0.7125 0.00625 0.00625
0 0.48125 0.375 0.011538461538461539 0.011538461538461539
0 0.013942307692307693 0.36875 0.013461538461538462 0.013461538461538462
0 0.2014423076923077 0.3216346153846154 0.010096153846153847 0.01201923076923077
