0 0.01826923076923077 0.28701923076923075 0.013461538461538462 0.012980769230769231
0 0.08461538461538462 0.49423076923076925 0.010096153846153847 0.011057692307692308
0 0.5379807692307692 0.4625 0.0125 0.012980769230769231
0 0.21153846153846154 0.19471153846153846 0.011538461538461539 0.011538461538461539
0 0.6274038461538461 0.7028846153846153 0.004807692307692308 0.004807692307692308
0 0.2764423076923077 0.5399038461538461 0.009134615384615385 0.009134615384615385
0 0.5875 0.27884615384615385 0.013461538461538462 0.013461538461538462
0 0.4519230769230769 0.3576923076923077 0.00625 0.00625
0 0.5913461538461539 0.6817307692307693 0.010096153846153847 0.01201923076923077
0 0.5019230769230769 0.5461538461538461 0.01201923076923077 0.01201923076923077
0 0.6908653846153846 0.23173076923076924 0.009134615384615385 0.009615384615384616
0 0.7110576923076923 0.5158653846153847 0.010576923076923078 0.010576923076923078
0 0.24951923076923077 0.18653846153846154 0.00625 0.0057692307692307696
0 0.23461538461538461 0.6423076923076924 0.009134615384615385 0.010096153846153847
0 0.5600961538461539 0.541826923076923 0.006730769230769231 0.006730769230769231
0 0.4581730769230769 0.5947115384615385 0.004807692307692308 0.005288461538461539
0 0.7442307692307693 0.6451923076923077 0.00625 0.006730769230769231
0 0.17259615384615384 0.18028846153846154 0.00625 0.006730769230769231
0 0.25240384615384615 0.1918269230769231 0.0057692307692307696 0.0038461538461538464
0 0.09471153846153846 0.6649038461538461 0.0057692307692307696 0.0057692307692307696
0 0.45048076923076924 0.5975961538461538 0.011057692307692308 0.011538461538461539
0 0.08990384615384615 0.6495192307692308 0.011538461538461539 0.012980769230769231
0 0.24086538461538462 0.6288461538461538 0.020673076923076922 0.020673076923076922
