0 0.5009615384615385 0.11778846153846154 0.014423076923076924 0.015865384615384615
0 0.27403846153846156 0.5586538461538462 0.013461538461538462 0.014423076923076924
0 0.2221153846153846 0.48701923076923076 0.014423076923076924 0.014903846153846155
0 0.2971153846153846 0.30528846153846156 0.012980769230769231 0.0125
0 0.47259615384615383 0.18269230769230768 0.013461538461538462 0.013942307692307693
0 0.5769230769230769 0.25048076923076923 0.014423076923076924 0.014903846153846155
0 0.33557692307692305 0.45384615384615384 0.012980769230769231 0.0125
0 0.041826923076923074 0.13317307692307692 0.013461538461538462 0.014423076923076924
0 0.25432692307692306 0.5038461538461538 0.0125 0.013461538461538462
0 0.5966346153846154 0.1528846153846154 0.013942307692307693 0.013942307692307693
0 0.4153846153846154 0.45865384615384613 0.014423076923076924 0.014423076923076924
0 0.46923076923076923 0.5552884615384616 0.013461538461538462 0.013461538461538462
0 0.75 0.5774038461538461 0.015865384615384615 0.015384615384615385
0 0.2899038461538462 0.5557692307692308 0.014423076923076924 0.014903846153846155
0 0.7625 0.2264423076923077 0.01201923076923077 0.0125
0 0.5423076923076923 0.5865384615384616 0.014423076923076924 0.014423076923076924
0 0.20048076923076924 0.09519230769230769 0.013942307692307693 0.013942307692307693
0 0.7745192307692308 0.32259615384615387 0.01201923076923077 0.012980769230769231
0 0.7 0.27740384615384617 0.014423076923076924 0.014423076923076924
0 0.6735576923076924 0.573076923076923 0.014903846153846155 0.014903846153846155
0 0.7038461538461539 0.2201923076923077 0.013461538461538462 0.013942307692307693
0 0.64375 0.07788461538461539 0.01875 0.01875
0 0.4533653846153846 0.3105769230769231 0.01826923076923077 0.01875
0 0.1605769230769231 0.36875 0.01875 0.01875
0 0.22451923076923078 0.35721153846153847 0.01875 0.01875
0 0.36923076923076925 0.3605769230769231 0.01875 0.01875
0 0.5432692307692307 0.5375 0.01875 0.01875
0 0.7975961538461539 0.5110576923076923 0.01875 0.01875
