0 0.5596153846153846 0.2519230769230769 0.013942307692307693 0.014903846153846155
0 0.08269230769230769 0.2673076923076923 0.016346153846153847 0.016826923076923076
0 0.18125 0.5413461538461538 0.016346153846153847 0.01826923076923077
0 0.7649038461538461 0.59375 0.015384615384615385 0.015865384615384615
0 0.4341346153846154 0.7211538461538461 0.014903846153846155 0.015384615384615385
0 0.5980769230769231 0.6158653846153846 0.016826923076923076 0.01730769230769231
0 0.3466346153846154 0.02403846153846154 0.014903846153846155 0.015865384615384615
0 0.7298076923076923 0.07740384615384616 0.014903846153846155 0.015384615384615385
0 0.8245192307692307 0.6682692307692307 0.014423076923076924 0.014903846153846155
0 0.73125 0.026442307692307692 0.015384615384615385 0.016346153846153847
0 0.27163461538461536 0.6 0.014423076923076924 0.015384615384615385
0 0.7629807692307692 0.05336538461538461 0.015384615384615385 0.016826923076923076
0 0.6927884615384615 0.6836538461538462 0.014423076923076924 0.015384615384615385
0 0.09903846153846153 0.032692307692307694 0.015384615384615385 0.019230769230769232
0 0.6682692307692307 0.23509615384615384 0.015384615384615385 0.015865384615384615
0 0.29903846153846153 0.8663461538461539 0.014423076923076924 0.014903846153846155
0 0.16778846153846153 0.01730769230769231 0.015384615384615385 0.015865384615384615
0 0.05721153846153846 0.4639423076923077 0.014423076923076924 0.015384615384615385
0 0.8346153846153846 0.3524038461538462 0.014903846153846155 0.015865384615384615
0 0.08076923076923077 0.5990384615384615 0.014903846153846155 0.015865384615384615
0 0.1985576923076923 0.19951923076923078 0.014903846153846155 0.015865384615384615
0 0.6663461538461538 0.6663461538461538 0.014423076923076924 0.014423076923076924
0 0.6716346153846153 0.16538461538461538 0.013461538461538462 0.014903846153846155
0 0.5043269230769231 0.32596153846153847 0.015384615384615385 0.015865384615384615
0 0.08028846153846154 0.6418269230769231 0.015865384615384615 0.015865384615384615
0 0.8225961538461538 0.2956730769230769 0.014423076923076924 0.014903846153846155
0 0.2658653846153846 0.32403846153846155 0.015384615384615385 0.015865384615384615
0 0.6985576923076923 0.009615384615384616 0.014903846153846155 0.015384615384615385
0 0.6201923076923077 0.6528846153846154 0.015865384615384615 0.016346153846153847
0 0.5072115384615384 0.28028846153846154 0.013942307692307693 0.014423076923076924
0 0.11009615384615384 0.666826923076923 0.013461538461538462 0.014423076923076924
0 0.026442307692307692 0.21778846153846154 0.014903846153846155 0.014903846153846155
0 0.3418269230769231 0.5971153846153846 0.013942307692307693 0.014423076923076924
0 0.71875 0.3581730769230769 0.015384615384615385 0.015865384615384615
0 0.10240384615384615 0.2403846153846154 0.014423076923076924 0.015384615384615385
0 0.2951923076923077 0.5461538461538461 0.014903846153846155 0.014903846153846155
0 0.5461538461538461 0.3548076923076923 0.014423076923076924 0.015384615384615385
0 0.8225961538461538 0.7697115384615385 0.015865384615384615 0.016826923076923076
0 0.525 0.05096153846153846 0.016346153846153847 0.015384615384615385
0 0.4735576923076923 0.3596153846153846 0.014423076923076924 0.014903846153846155
0 0.4634615384615385 0.21201923076923077 0.0125 0.013461538461538462
0 0.614423076923077 0.8692307692307693 0.015865384615384615 0.015865384615384615
0 0.15144230769230768 0.27355769230769234 0.014423076923076924 0.014903846153846155
0 0.25048076923076923 0.27115384615384613 0.013942307692307693 0.015384615384615385
0 0.04326923076923077 0.20240384615384616 0.014423076923076924 0.014903846153846155
0 0.24615384615384617 0.25576923076923075 0.021153846153846155 0.020673076923076922
