0 0.2514423076923077 0.7447115384615385 0.014423076923076924 0.015384615384615385
0 0.1389423076923077 0.5552884615384616 0.015384615384615385 0.014903846153846155
0 0.041826923076923074 0.7067307692307693 0.010576923076923078 0.010576923076923078
0 0.3721153846153846 0.3346153846153846 0.013942307692307693 0.013942307692307693
0 0.37259615384615385 0.7697115384615385 0.011538461538461539 0.01201923076923077
0 0.025961538461538463 0.8504807692307692 0.015384615384615385 0.015384615384615385
0 0.2230769230769231 0.4985576923076923 0.012980769230769231 0.013461538461538462
0 0.09086538461538461 0.7120192307692308 0.011538461538461539 0.01201923076923077
0 0.027884615384615386 0.7240384615384615 0.013461538461538462 0.0125
0 0.08942307692307692 0.35192307692307695 0.0125 0.012980769230769231
0 0.009615384615384616 0.8274038461538461 0.016826923076923076 0.016826923076923076
0 0.07259615384615385 0.03653846153846154 0.012980769230769231 0.013461538461538462
0 0.6288461538461538 0.5230769230769231 0.015865384615384615 0.015865384615384615
0 0.16538461538461538 0.7826923076923077 0.01201923076923077 0.01201923076923077
0 0.1528846153846154 0.8192307692307692 0.0125 0.0125
0 0.15 0.44519230769230766 0.011057692307692308 0.011057692307692308
0 0.2173076923076923 0.22596153846153846 0.015384615384615385 0.015865384615384615
0 0.16971153846153847 0.8014423076923077 0.0125 0.0125
0 0.1360576923076923 0.9240384615384616 0.012980769230769231 0.012980769230769231
0 0.06826923076923076 0.8677884615384616 0.015384615384615385 0.014903846153846155
0 0.08557692307692308 0.7057692307692308 0.011057692307692308 0.011538461538461539
