0 0.4149038461538462 0.30096153846153845 0.016826923076923076 0.017788461538461538
0 0.08221153846153846 0.09519230769230769 0.015384615384615385 0.016346153846153847
0 0.12259615384615384 0.12596153846153846 0.013461538461538462 0.013942307692307693
0 0.20336538461538461 0.2725961538461538 0.015865384615384615 0.015384615384615385
0 0.47451923076923075 0.8519230769230769 0.014423076923076924 0.014903846153846155
0 0.5355769230769231 0.040865384615384616 0.014903846153846155 0.014903846153846155
0 0.4528846153846154 0.22403846153846155 0.013942307692307693 0.014423076923076924
0 0.7711538461538462 0.1519230769230769 0.014423076923076924 0.014903846153846155
0 0.5629807692307692 0.2841346153846154 0.0125 0.010576923076923078
0 0.18365384615384617 0.35096153846153844 0.012980769230769231 0.013461538461538462
0 0.6298076923076923 0.15384615384615385 0.015384615384615385 0.015865384615384615
0 0.24134615384615385 0.20096153846153847 0.013942307692307693 0.014423076923076924
0 0.6677884615384615 0.2721153846153846 0.014903846153846155 0.014903846153846155
0 0.6057692307692307 0.8581730769230769 0.014903846153846155 0.014423076923076924
0 0.3014423076923077 0.4985576923076923 0.013942307692307693 0.014423076923076924
0 0.22115384615384615 0.4894230769230769 0.014903846153846155 0.015865384615384615
0 0.11586538461538462 0.5139423076923076 0.013942307692307693 0.014903846153846155
0 0.7317307692307692 0.06201923076923077 0.014903846153846155 0.014903846153846155
0 0.09567307692307692 0.4129807692307692 0.013942307692307693 0.014423076923076924
0 0.50625 0.5024038461538461 0.016346153846153847 0.016346153846153847
0 0.7100961538461539 0.6120192307692308 0.013461538461538462 0.013461538461538462
0 0.5884615384615385 0.23990384615384616 0.014903846153846155 0.014423076923076924
0 0.3576923076923077 0.15673076923076923 0.015865384615384615 0.015865384615384615
0 0.7163461538461539 0.5740384615384615 0.012980769230769231 0.013461538461538462
0 0.6879807692307692 0.5509615384615385 0.013461538461538462 0.013942307692307693
0 0.035096153846153846 0.6389423076923076 0.014903846153846155 0.014903846153846155
0 0.6596153846153846 0.5125 0.015865384615384615 0.016346153846153847
0 0.15865384615384615 0.4932692307692308 0.014903846153846155 0.015384615384615385
0 0.2658653846153846 0.6629807692307692 0.013461538461538462 0.013942307692307693
0 0.5860576923076923 0.21682692307692308 0.01201923076923077 0.0125
0 0.6173076923076923 0.4115384615384615 0.012980769230769231 0.013461538461538462
0 0.7403846153846154 0.5456730769230769 0.013942307692307693 0.014903846153846155
0 0.7052884615384616 0.83125 0.015865384615384615 0.015865384615384615
0 0.7817307692307692 0.4346153846153846 0.012980769230769231 0.013461538461538462
0 0.5855769230769231 0.13076923076923078 0.013461538461538462 0.013942307692307693
0 0.3716346153846154 0.5447115384615384 0.013461538461538462 0.014423076923076924
0 0.43317307692307694 0.5423076923076923 0.01201923076923077 0.0125
0 0.6139423076923077 0.44903846153846155 0.012980769230769231 0.013461538461538462
0 0.3778846153846154 0.8586538461538461 0.013461538461538462 0.013461538461538462
0 0.4442307692307692 0.09567307692307692 0.013461538461538462 0.013942307692307693
0 0.5081730769230769 0.4182692307692308 0.013942307692307693 0.014903846153846155
0 0.6966346153846154 0.12596153846153846 0.013942307692307693 0.014423076923076924
0 0.6730769230769231 0.15865384615384615 0.013461538461538462 0.013942307692307693
0 0.6860576923076923 0.11586538461538462 0.013461538461538462 0.013942307692307693
0 0.10913461538461539 0.40384615384615385 0.014423076923076924 0.015384615384615385
0 0.49278846153846156 0.18509615384615385 0.013461538461538462 0.013461538461538462
0 0.23221153846153847 0.56875 0.0125 0.012980769230769231
0 0.47596153846153844 0.15336538461538463 0.015384615384615385 0.015384615384615385
0 0.5822115384615385 0.770673076923077 0.013942307692307693 0.015384615384615385
0 0.23990384615384616 0.25 0.014903846153846155 0.014423076923076924
0 0.6971153846153846 0.6956730769230769 0.012980769230769231 0.013461538461538462
0 0.4326923076923077 0.15144230769230768 0.013461538461538462 0.013461538461538462
0 0.6014423076923077 0.2793269230769231 0.01201923076923077 0.01201923076923077
0 0.41778846153846155 0.6100961538461539 0.013942307692307693 0.014423076923076924
0 0.34615384615384615 0.43125 0.014423076923076924 0.014903846153846155
0 0.44519230769230766 0.8067307692307693 0.014423076923076924 0.014903846153846155
0 0.7701923076923077 0.12163461538461538 0.014423076923076924 0.013942307692307693
0 0.4423076923076923 0.6995192307692307 0.0125 0.012980769230769231
0 0.3389423076923077 0.3870192307692308 0.013461538461538462 0.013942307692307693
0 0.7754807692307693 0.8788461538461538 0.011057692307692308 0.010576923076923078
0 0.4740384615384615 0.12788461538461537 0.012980769230769231 0.013942307692307693
0 0.15625 0.19471153846153846 0.013942307692307693 0.013942307692307693
0 0.16778846153846153 0.4125 0.013461538461538462 0.013942307692307693
0 0.09615384615384616 0.7649038461538461 0.013461538461538462 0.013942307692307693
0 0.23557692307692307 0.84375 0.014423076923076924 0.015384615384615385
0 0.3326923076923077 0.11634615384615385 0.013942307692307693 0.013942307692307693
0 0.1875 0.635576923076923 0.013461538461538462 0.014423076923076924
0 0.8134615384615385 0.28894230769230766 0.013461538461538462 0.014423076923076924
0 0.0375 0.7735576923076923 0.013942307692307693 0.014423076923076924
0 0.6932692307692307 0.17067307692307693 0.013461538461538462 0.013942307692307693
0 0.5163461538461539 0.5322115384615385 0.0125 0.012980769230769231
0 0.07259615384615385 0.15817307692307692 0.01201923076923077 0.012980769230769231
0 0.425 0.4528846153846154 0.014903846153846155 0.014903846153846155
0 0.31634615384615383 0.1605769230769231 0.014903846153846155 0.014903846153846155
0 0.6620192307692307 0.19759615384615384 0.01730769230769231 0.01730769230769231
0 0.34471153846153846 0.8038461538461539 0.0125 0.012980769230769231
0 0.38509615384615387 0.6019230769230769 0.012980769230769231 0.013461538461538462
0 0.3697115384615385 0.28942307692307695 0.013942307692307693 0.014423076923076924
0 0.6375 0.6048076923076923 0.013942307692307693 0.014423076923076924
0 0.5091346153846154 0.2153846153846154 0.01201923076923077 0.0125
0 0.5668269230769231 0.75625 0.015865384615384615 0.016826923076923076
0 0.6822115384615385 0.06346153846153846 0.015865384615384615 0.015865384615384615
0 0.5913461538461539 0.06971153846153846 0.012980769230769231 0.013942307692307693
0 0.6855769230769231 0.6466346153846154 0.01201923076923077 0.012980769230769231
0 0.6788461538461539 0.6509615384615385 0.011538461538461539 0.0125
0 0.6269230769230769 0.3923076923076923 0.011538461538461539 0.011538461538461539
0 0.2860576923076923 0.3110576923076923 0.020673076923076922 0.020673076923076922
0 0.49903846153846154 0.5576923076923077 0.020673076923076922 0.020673076923076922
