0 0.7985576923076924 0.6798076923076923 0.01201923076923077 0.01201923076923077
0 0.25240384615384615 0.5692307692307692 0.0125 0.013461538461538462
0 0.7778846153846154 0.4875 0.010096153846153847 0.010576923076923078
0 0.47596153846153844 0.03365384615384615 0.011538461538461539 0.01201923076923077
0 0.7543269230769231 0.3548076923076923 0.011057692307692308 0.01201923076923077
0 0.7701923076923077 0.07932692307692307 0.010096153846153847 0.010576923076923078
0 0.49038461538461536 0.022596153846153846 0.011057692307692308 0.010576923076923078
0 0.09038461538461538 0.55625 0.011057692307692308 0.01201923076923077
0 0.5548076923076923 0.40865384615384615 0.01730769230769231 0.01730769230769231
0 0.510576923076923 0.2091346153846154 0.011538461538461539 0.01201923076923077
0 0.46923076923076923 0.35673076923076924 0.011057692307692308 0.011538461538461539
0 0.5384615384615384 0.0875 0.012980769230769231 0.013461538461538462
0 0.3403846153846154 0.2826923076923077 0.013461538461538462 0.0125
0 0.5927884615384615 0.2725961538461538 0.013461538461538462 0.013942307692307693
0 0.34134615384615385 0.20817307692307693 0.01201923076923077 0.0125
0 0.7408653846153846 0.6230769230769231 0.011538461538461539 0.01201923076923077
0 0.7927884615384615 0.24711538461538463 0.009615384615384616 0.011057692307692308
0 0.4894230769230769 0.4403846153846154 0.011057692307692308 0.011538461538461539
0 0.21057692307692308 0.5495192307692308 0.011057692307692308 0.011538461538461539
0 0.510576923076923 0.4706730769230769 0.009615384615384616 0.010576923076923078
0 0.6576923076923077 0.2956730769230769 0.015384615384615385 0.016826923076923076
0 0.5995192307692307 0.49423076923076925 0.010096153846153847 0.010576923076923078
0 0.5600961538461539 0.1985576923076923 0.011538461538461539 0.01201923076923077
0 0.63125 0.23317307692307693 0.01201923076923077 0.01201923076923077
0 0.10576923076923077 0.6509615384615385 0.012980769230769231 0.013461538461538462
0 0.5711538461538461 0.6134615384615385 0.011057692307692308 0.011538461538461539
0 0.6735576923076924 0.3576923076923077 0.0125 0.0125
0 0.7384615384615385 0.5283653846153846 0.009615384615384616 0.010096153846153847
0 0.8057692307692308 0.6182692307692308 0.010096153846153847 0.010576923076923078
0 0.6365384615384615 0.10144230769230769 0.0125 0.0125
0 0.5240384615384616 0.16778846153846153 0.011057692307692308 0.011538461538461539
0 0.69375 0.1860576923076923 0.010096153846153847 0.011057692307692308
0 0.4596153846153846 0.17836538461538462 0.016346153846153847 0.016826923076923076
0 0.7432692307692308 0.46153846153846156 0.013461538461538462 0.013942307692307693
