0 0.04423076923076923 0.7240384615384615 0.014423076923076924 0.014903846153846155
0 0.7014423076923076 0.5057692307692307 0.012980769230769231 0.013461538461538462
0 0.45721153846153845 0.666826923076923 0.012980769230769231 0.012980769230769231
0 0.5211538461538462 0.5341346153846154 0.012980769230769231 0.012980769230769231
0 0.6865384615384615 0.6115384615384616 0.01201923076923077 0.0125
0 0.48653846153846153 0.1596153846153846 0.0125 0.0125
0 0.7355769230769231 0.5923076923076923 0.013942307692307693 0.014423076923076924
0 0.48221153846153847 0.6240384615384615 0.011057692307692308 0.011538461538461539
0 0.6490384615384616 0.31826923076923075 0.01826923076923077 0.020673076923076922
0 0.18846153846153846 0.48653846153846153 0.011538461538461539 0.0125
0 0.1735576923076923 0.03894230769230769 0.011538461538461539 0.011538461538461539
0 0.12884615384615383 0.16778846153846153 0.0125 0.012980769230769231
0 0.6639423076923077 0.1125 0.013942307692307693 0.014423076923076924
0 0.028365384615384615 0.3543269230769231 0.01826923076923077 0.01875
0 0.18028846153846154 0.041826923076923074 0.007211538461538462 0.013461538461538462
