0 0.5764423076923076 0.7581730769230769 0.015865384615384615 0.016826923076923076
0 0.49182692307692305 0.7423076923076923 0.013942307692307693 0.014903846153846155
0 0.29278846153846155 0.7894230769230769 0.014903846153846155 0.014903846153846155
0 0.1596153846153846 0.15576923076923077 0.014903846153846155 0.014903846153846155
0 0.54375 0.3841346153846154 0.013942307692307693 0.014423076923076924
0 0.7346153846153847 0.18942307692307692 0.014423076923076924 0.015384615384615385
0 0.5033653846153846 0.23653846153846153 0.013942307692307693 0.014423076923076924
0 0.5605769230769231 0.5903846153846154 0.014903846153846155 0.014903846153846155
0 0.5086538461538461 0.31201923076923077 0.0125 0.012980769230769231
0 0.48701923076923076 0.15 0.013942307692307693 0.013942307692307693
0 0.30625 0.525 0.013942307692307693 0.013942307692307693
0 0.7620192307692307 0.2567307692307692 0.013942307692307693 0.014423076923076924
0 0.10384615384615385 0.47692307692307695 0.012980769230769231 0.013942307692307693
0 0.2456730769230769 0.6211538461538462 0.0125 0.013461538461538462
0 0.6451923076923077 0.3975961538461538 0.013461538461538462 0.013942307692307693
0 0.7995192307692308 0.3350961538461538 0.013942307692307693 0.014423076923076924
0 0.8033653846153846 0.46826923076923077 0.014903846153846155 0.015865384615384615
0 0.7769230769230769 0.7865384615384615 0.013461538461538462 0.013461538461538462
0 0.2956730769230769 0.057692307692307696 0.013461538461538462 0.013942307692307693
0 0.5389423076923077 0.5471153846153847 0.015384615384615385 0.015865384615384615
0 0.4028846153846154 0.6447115384615385 0.015865384615384615 0.01730769230769231
0 0.3975961538461538 0.38653846153846155 0.013461538461538462 0.013942307692307693
0 0.49567307692307694 0.35865384615384616 0.014423076923076924 0.014903846153846155
0 0.5673076923076923 0.1951923076923077 0.013942307692307693 0.014903846153846155
0 0.708173076923077 0.023557692307692307 0.013942307692307693 0.014423076923076924
0 0.6509615384615385 0.48509615384615384 0.014903846153846155 0.015384615384615385
0 0.7052884615384616 0.6682692307692307 0.014423076923076924 0.015384615384615385
0 0.5899038461538462 0.45048076923076924 0.012980769230769231 0.013461538461538462
0 0.68125 0.4716346153846154 0.013942307692307693 0.013942307692307693
0 0.33221153846153845 0.25769230769230766 0.011057692307692308 0.011538461538461539
0 0.5009615384615385 0.6649038461538461 0.013942307692307693 0.014423076923076924
0 0.6524038461538462 0.2076923076923077 0.013461538461538462 0.013461538461538462
0 0.525 0.4596153846153846 0.012980769230769231 0.013942307692307693
0 0.38076923076923075 0.7524038461538461 0.013942307692307693 0.014423076923076924
0 0.46826923076923077 0.6576923076923077 0.014423076923076924 0.014423076923076924
0 0.7836538461538461 0.4254807692307692 0.013461538461538462 0.013942307692307693
0 0.4889423076923077 0.6274038461538461 0.013942307692307693 0.013942307692307693
0 0.6254807692307692 0.5764423076923076 0.014903846153846155 0.015865384615384615
0 0.35865384615384616 0.2201923076923077 0.013942307692307693 0.014903846153846155
0 0.6817307692307693 0.2326923076923077 0.013461538461538462 0.014423076923076924
0 0.5528846153846154 0.32548076923076924 0.012980769230769231 0.013461538461538462
0 0.42980769230769234 0.4543269230769231 0.013461538461538462 0.014423076923076924
0 0.7990384615384616 0.12548076923076923 0.012980769230769231 0.013942307692307693
0 0.60625 0.22163461538461537 0.014423076923076924 0.014423076923076924
0 0.8153846153846154 0.6168269230769231 0.013942307692307693 0.013942307692307693
0 0.510576923076923 0.009615384615384616 0.01201923076923077 0.01201923076923077
0 0.6466346153846154 0.5721153846153846 0.013942307692307693 0.014423076923076924
0 0.3596153846153846 0.25048076923076923 0.012980769230769231 0.01730769230769231
0 0.2971153846153846 0.027884615384615386 0.012980769230769231 0.012980769230769231
0 0.6971153846153846 0.3096153846153846 0.013942307692307693 0.013942307692307693
0 0.11490384615384615 0.04951923076923077 0.014903846153846155 0.015865384615384615
0 0.7302884615384615 0.24134615384615385 0.013942307692307693 0.014423076923076924
0 0.7490384615384615 0.5774038461538461 0.013461538461538462 0.013942307692307693
0 0.7259615384615384 0.6730769230769231 0.013461538461538462 0.013461538461538462
0 0.7995192307692308 0.07163461538461538 0.014423076923076924 0.014423076923076924
0 0.14471153846153847 0.7875 0.0125 0.012980769230769231
0 0.5413461538461538 0.35 0.01201923076923077 0.0125
0 0.8048076923076923 0.34951923076923075 0.013461538461538462 0.012980769230769231
0 0.8197115384615384 0.2528846153846154 0.013942307692307693 0.014423076923076924
0 0.5533653846153846 0.6927884615384615 0.012980769230769231 0.013461538461538462
0 0.2745192307692308 0.3490384615384615 0.0125 0.013461538461538462
0 0.8144230769230769 0.42980769230769234 0.012980769230769231 0.013461538461538462
0 0.5735576923076923 0.3177884615384615 0.01201923076923077 0.012980769230769231
0 0.2620192307692308 0.5 0.012980769230769231 0.013461538461538462
0 0.5802884615384616 0.6389423076923076 0.013942307692307693 0.014423076923076924
0 0.6711538461538461 0.44326923076923075 0.013461538461538462 0.014423076923076924
0 0.14711538461538462 0.6745192307692308 0.013461538461538462 0.013461538461538462
0 0.8052884615384616 0.25817307692307695 0.013942307692307693 0.013942307692307693
0 0.7591346153846154 0.3466346153846154 0.011057692307692308 0.011057692307692308
0 0.6759615384615385 0.3639423076923077 0.015865384615384615 0.015384615384615385
0 0.23317307692307693 0.05673076923076923 0.021153846153846155 0.021153846153846155
0 0.6072115384615384 0.03365384615384615 0.020673076923076922 0.021153846153846155
0 0.8115384615384615 0.35625 0.020673076923076922 0.021153846153846155
0 0.7028846153846153 0.3331730769230769 0.020673076923076922 0.020673076923076922
0 0.5336538461538461 0.5466346153846153 0.021153846153846155 0.021153846153846155
