0 0.1971153846153846 0.16682692307692307 0.008173076923076924 0.009615384615384616
0 0.25961538461538464 0.20721153846153847 0.011057692307692308 0.013461538461538462
0 0.4519230769230769 0.2899038461538462 0.009615384615384616 0.01201923076923077
0 0.12596153846153846 0.4466346153846154 0.009134615384615385 0.011057692307692308
0 0.09663461538461539 0.4206730769230769 0.0125 0.013461538461538462
0 0.10144230769230769 0.19567307692307692 0.008653846153846154 0.011538461538461539
0 0.36009615384615384 0.49230769230769234 0.009134615384615385 0.008173076923076924
0 0.011538461538461539 0.5447115384615384 0.0125 0.011057692307692308
0 0.41346153846153844 0.44134615384615383 0.013942307692307693 0.01201923076923077
0 0.3730769230769231 0.6865384615384615 0.013942307692307693 0.012980769230769231
0 0.12163461538461538 0.6173076923076923 0.019230769230769232 0.01971153846153846
