0 0.525 0.11346153846153846 0.015384615384615385 0.017788461538461538
0 0.5067307692307692 0.07451923076923077 0.016826923076923076 0.016826923076923076
0 0.1596153846153846 0.8081730769230769 0.016826923076923076 0.015865384615384615
0 0.41586538461538464 0.3730769230769231 0.015384615384615385 0.016826923076923076
0 0.33605769230769234 0.38461538461538464 0.01730769230769231 0.017788461538461538
0 0.7615384615384615 0.27548076923076925 0.016826923076923076 0.016826923076923076
0 0.2658653846153846 0.8514423076923077 0.016826923076923076 0.01730769230769231
0 0.19134615384615383 0.041346153846153845 0.016826923076923076 0.017788461538461538
0 0.5182692307692308 0.6697115384615384 0.016826923076923076 0.015865384615384615
0 0.6129807692307693 0.24182692307692308 0.016826923076923076 0.017788461538461538
0 0.03365384615384615 0.08846153846153847 0.015384615384615385 0.017788461538461538
0 0.44567307692307695 0.33990384615384617 0.017788461538461538 0.017788461538461538
0 0.50625 0.2793269230769231 0.017788461538461538 0.01971153846153846
0 0.5259615384615385 0.23653846153846153 0.016826923076923076 0.01826923076923077
0 0.11538461538461539 0.7139423076923077 0.016346153846153847 0.016346153846153847
0 0.23942307692307693 0.09519230769230769 0.01730769230769231 0.019230769230769232
0 0.16923076923076924 0.21682692307692308 0.01826923076923077 0.020192307692307693
0 0.46875 0.8052884615384616 0.016826923076923076 0.017788461538461538
0 0.013942307692307693 0.23028846153846153 0.017788461538461538 0.01971153846153846
0 0.6538461538461539 0.39471153846153845 0.017788461538461538 0.01730769230769231
0 0.7663461538461539 0.05721153846153846 0.016826923076923076 0.01730769230769231
0 0.4461538461538462 0.15528846153846154 0.016346153846153847 0.01875
0 0.09423076923076923 0.05048076923076923 0.016826923076923076 0.01730769230769231
0 0.5447115384615384 0.30625 0.016826923076923076 0.015384615384615385
0 0.038461538461538464 0.5072115384615384 0.01826923076923077 0.015865384615384615
0 0.11394230769230769 0.09615384615384616 0.01730769230769231 0.016826923076923076
0 0.1485576923076923 0.645673076923077 0.01730769230769231 0.016346153846153847
0 0.12788461538461537 0.8514423076923077 0.016826923076923076 0.01875
0 0.07355769230769231 0.29615384615384616 0.016826923076923076 0.01730769230769231
0 0.22932692307692307 0.4971153846153846 0.017788461538461538 0.016346153846153847
0 0.20384615384615384 0.5711538461538461 0.015865384615384615 0.016826923076923076
0 0.5480769230769231 0.8793269230769231 0.01730769230769231 0.01971153846153846
0 0.21875 0.2610576923076923 0.015384615384615385 0.015384615384615385
0 0.739423076923077 0.7283653846153846 0.01730769230769231 0.017788461538461538
0 0.21201923076923077 0.10480769230769231 0.01730769230769231 0.016346153846153847
0 0.25576923076923075 0.6399038461538461 0.016346153846153847 0.01875
0 0.14375 0.013942307692307693 0.016346153846153847 0.015865384615384615
0 0.7326923076923076 0.45048076923076924 0.017788461538461538 0.016346153846153847
0 0.43653846153846154 0.18173076923076922 0.01875 0.019230769230769232
0 0.6326923076923077 0.29759615384615384 0.016346153846153847 0.015865384615384615
0 0.6538461538461539 0.8076923076923077 0.016346153846153847 0.016826923076923076
0 0.12596153846153846 0.6225961538461539 0.016826923076923076 0.017788461538461538
0 0.45 0.4221153846153846 0.017788461538461538 0.019230769230769232
0 0.4091346153846154 0.5211538461538462 0.016826923076923076 0.01826923076923077
0 0.3701923076923077 0.7552884615384615 0.016346153846153847 0.019230769230769232
0 0.03413461538461538 0.33942307692307694 0.019230769230769232 0.020673076923076922
0 0.25817307692307695 0.5576923076923077 0.01730769230769231 0.017788461538461538
0 0.08125 0.225 0.016346153846153847 0.015865384615384615
0 0.4091346153846154 0.022596153846153846 0.016826923076923076 0.017788461538461538
0 0.18173076923076922 0.23028846153846153 0.015865384615384615 0.014903846153846155
0 0.7302884615384615 0.15865384615384615 0.01826923076923077 0.01826923076923077
0 0.6552884615384615 0.8225961538461538 0.016826923076923076 0.016346153846153847
0 0.21394230769230768 0.40673076923076923 0.01826923076923077 0.019230769230769232
0 0.011538461538461539 0.5975961538461538 0.015865384615384615 0.015384615384615385
0 0.63125 0.37548076923076923 0.01826923076923077 0.01971153846153846
0 0.2745192307692308 0.27884615384615385 0.015384615384615385 0.016346153846153847
0 0.7216346153846154 0.6548076923076923 0.015865384615384615 0.016346153846153847
0 0.30673076923076925 0.17115384615384616 0.015865384615384615 0.015384615384615385
0 0.15384615384615385 0.6509615384615385 0.007692307692307693 0.009615384615384616
0 0.6447115384615385 0.2658653846153846 0.01730769230769231 0.01971153846153846
0 0.44326923076923075 0.01875 0.015384615384615385 0.015865384615384615
0 0.23798076923076922 0.2533653846153846 0.015384615384615385 0.016346153846153847
0 0.5610576923076923 0.020192307692307693 0.014903846153846155 0.015865384615384615
0 0.3264423076923077 0.14903846153846154 0.015384615384615385 0.015865384615384615
0 0.0764423076923077 0.24182692307692308 0.020192307692307693 0.020673076923076922
0 0.7067307692307693 0.22163461538461537 0.020192307692307693 0.020192307692307693
