0 0.645673076923077 0.36346153846153845 0.014903846153846155 0.014903846153846155
0 0.07067307692307692 0.3269230769230769 0.01730769230769231 0.017788461538461538
0 0.26153846153846155 0.19615384615384615 0.015865384615384615 0.015865384615384615
0 0.032692307692307694 0.11826923076923077 0.015384615384615385 0.015865384615384615
0 0.12211538461538461 0.3346153846153846 0.015865384615384615 0.015865384615384615
0 0.11394230769230769 0.6466346153846154 0.015384615384615385 0.015865384615384615
0 0.5100961538461538 0.3778846153846154 0.014423076923076924 0.014423076923076924
0 0.14471153846153847 0.6254807692307692 0.013461538461538462 0.013942307692307693
0 0.2783653846153846 0.7192307692307692 0.014903846153846155 0.014423076923076924
0 0.604326923076923 0.6865384615384615 0.014423076923076924 0.014903846153846155
0 0.42115384615384616 0.6451923076923077 0.012980769230769231 0.012980769230769231
0 0.05961538461538462 0.7129807692307693 0.013942307692307693 0.014423076923076924
0 0.31490384615384615 0.25625 0.013461538461538462 0.012980769230769231
0 0.5769230769230769 0.5336538461538461 0.0125 0.0125
0 0.5067307692307692 0.19615384615384615 0.012980769230769231 0.012980769230769231
0 0.012980769230769231 0.08173076923076923 0.014423076923076924 0.015384615384615385
0 0.21971153846153846 0.1 0.015865384615384615 0.016346153846153847
0 0.4 0.6302884615384615 0.013461538461538462 0.013461538461538462
0 0.15528846153846154 0.3158653846153846 0.013942307692307693 0.014423076923076924
0 0.3105769230769231 0.864423076923077 0.015865384615384615 0.015865384615384615
0 0.26153846153846155 0.573076923076923 0.013461538461538462 0.013461538461538462
0 0.30288461538461536 0.37451923076923077 0.014423076923076924 0.014423076923076924
0 0.23557692307692307 0.6240384615384615 0.014423076923076924 0.015384615384615385
0 0.6783653846153846 0.6427884615384616 0.013461538461538462 0.014423076923076924
0 0.49038461538461536 0.17307692307692307 0.015384615384615385 0.015865384615384615
0 0.6 0.08942307692307692 0.0125 0.013461538461538462
0 0.17067307692307693 0.666826923076923 0.015865384615384615 0.016346153846153847
0 0.7793269230769231 0.39663461538461536 0.0125 0.013461538461538462
0 0.08990384615384615 0.59375 0.014423076923076924 0.013942307692307693
0 0.028365384615384615 0.47884615384615387 0.014903846153846155 0.015865384615384615
0 0.11490384615384615 0.5951923076923077 0.012980769230769231 0.012980769230769231
0 0.24182692307692308 0.5548076923076923 0.0125 0.012980769230769231
0 0.22884615384615384 0.4596153846153846 0.014423076923076924 0.015384615384615385
0 0.625 0.3096153846153846 0.012980769230769231 0.014423076923076924
0 0.666826923076923 0.5331730769230769 0.013942307692307693 0.014423076923076924
0 0.008173076923076924 0.7870192307692307 0.013942307692307693 0.013942307692307693
0 0.09326923076923077 0.5370192307692307 0.011538461538461539 0.01201923076923077
0 0.1639423076923077 0.7331730769230769 0.013461538461538462 0.014423076923076924
