0 0.49759615384615385 0.7538461538461538 0.012980769230769231 0.012980769230769231
0 0.47692307692307695 0.6586538461538461 0.014903846153846155 0.015384615384615385
0 0.5173076923076924 0.6331730769230769 0.017788461538461538 0.01826923076923077
0 0.63125 0.6399038461538461 0.011538461538461539 0.011538461538461539
0 0.775 0.5524038461538462 0.014423076923076924 0.013942307692307693
0 0.01971153846153846 0.2 0.011538461538461539 0.01201923076923077
0 0.5644230769230769 0.2144230769230769 0.014423076923076924 0.014423076923076924
0 0.6966346153846154 0.6677884615384615 0.016346153846153847 0.016826923076923076
0 0.17067307692307693 0.7033653846153847 0.015384615384615385 0.015384615384615385
0 0.7745192307692308 0.5009615384615385 0.013942307692307693 0.013461538461538462
0 0.5129807692307692 0.6192307692307693 0.013461538461538462 0.013942307692307693
0 0.5341346153846154 0.3663461538461538 0.014423076923076924 0.014423076923076924
0 0.12980769230769232 0.6677884615384615 0.014903846153846155 0.015384615384615385
0 0.03221153846153846 0.11057692307692307 0.015865384615384615 0.015865384615384615
0 0.5533653846153846 0.21634615384615385 0.010096153846153847 0.01201923076923077
0 0.1548076923076923 0.6442307692307693 0.01875 0.01875
0 0.052884615384615384 0.06442307692307692 0.020673076923076922 0.020673076923076922
0 0.24807692307692308 0.08317307692307692 0.020673076923076922 0.020673076923076922
0 0.2548076923076923 0.09326923076923077 0.020673076923076922 0.020673076923076922
0 0.32884615384615384 0.08653846153846154 0.020673076923076922 0.020673076923076922
0 0.375 0.11538461538461539 0.020673076923076922 0.020673076923076922
0 0.4264423076923077 0.13173076923076923 0.020673076923076922 0.020673076923076922
0 0.36875 0.052884615384615384 0.020673076923076922 0.020673076923076922
0 0.2533653846153846 0.13028846153846155 0.020673076923076922 0.020673076923076922
0 0.7307692307692307 0.08701923076923077 0.020673076923076922 0.020673076923076922
0 0.5971153846153846 0.07836538461538461 0.020192307692307693 0.020673076923076922
0 0.6269230769230769 0.4855769230769231 0.020673076923076922 0.020673076923076922
0 0.5274038461538462 0.5043269230769231 0.020673076923076922 0.020192307692307693
0 0.5144230769230769 0.5 0.020673076923076922 0.020673076923076922
0 0.5879807692307693 0.38509615384615387 0.020673076923076922 0.020673076923076922
0 0.8028846153846154 0.38125 0.020673076923076922 0.020673076923076922
0 0.7865384615384615 0.38125 0.020673076923076922 0.020673076923076922
0 0.7894230769230769 0.3721153846153846 0.020192307692307693 0.020673076923076922
0 0.8096153846153846 0.5149038461538461 0.020673076923076922 0.020673076923076922
0 0.7951923076923076 0.5177884615384616 0.020673076923076922 0.020673076923076922
0 0.6278846153846154 0.5173076923076924 0.020673076923076922 0.020673076923076922
0 0.3423076923076923 0.3408653846153846 0.020192307692307693 0.020192307692307693
0 0.37115384615384617 0.23076923076923078 0.020192307692307693 0.020673076923076922
0 0.4389423076923077 0.3528846153846154 0.020673076923076922 0.020673076923076922
0 0.32548076923076924 0.5048076923076923 0.020673076923076922 0.020673076923076922
