0 0.7461538461538462 0.2514423076923077 0.016346153846153847 0.01730769230769231
0 0.27403846153846156 0.3504807692307692 0.016346153846153847 0.01730769230769231
0 0.3466346153846154 0.22692307692307692 0.01730769230769231 0.015865384615384615
0 0.6985576923076923 0.7168269230769231 0.01730769230769231 0.01826923076923077
0 0.08173076923076923 0.0985576923076923 0.01826923076923077 0.016826923076923076
0 0.6836538461538462 0.6048076923076923 0.015384615384615385 0.015384615384615385
0 0.7197115384615385 0.04375 0.01730769230769231 0.01730769230769231
0 0.25432692307692306 0.2456730769230769 0.01730769230769231 0.019230769230769232
0 0.035576923076923075 0.45384615384615384 0.016346153846153847 0.01730769230769231
0 0.5514423076923077 0.035096153846153846 0.01730769230769231 0.016826923076923076
0 0.4831730769230769 0.1918269230769231 0.016826923076923076 0.016826923076923076
0 0.3764423076923077 0.10528846153846154 0.016826923076923076 0.01826923076923077
0 0.14423076923076922 0.041826923076923074 0.01730769230769231 0.01730769230769231
0 0.01201923076923077 0.46153846153846156 0.010096153846153847 0.012980769230769231
0 0.04326923076923077 0.6336538461538461 0.015865384615384615 0.015865384615384615
0 0.23509615384615384 0.5298076923076923 0.015384615384615385 0.016346153846153847
0 0.5346153846153846 0.5927884615384615 0.016826923076923076 0.01730769230769231
0 0.26634615384615384 0.3855769230769231 0.016346153846153847 0.016346153846153847
0 0.7538461538461538 0.8341346153846154 0.015865384615384615 0.017788461538461538
0 0.5596153846153846 0.1875 0.016826923076923076 0.01730769230769231
0 0.7307692307692307 0.8394230769230769 0.01971153846153846 0.020673076923076922
0 0.22163461538461537 0.50625 0.017788461538461538 0.016346153846153847
0 0.7211538461538461 0.05432692307692308 0.022596153846153846 0.016346153846153847
0 0.4947115384615385 0.021153846153846155 0.017788461538461538 0.017788461538461538
