0 0.27403846153846156 0.23413461538461539 0.011538461538461539 0.010576923076923078
0 0.13173076923076923 0.1908653846153846 0.01201923076923077 0.0125
0 0.39615384615384613 0.7725961538461539 0.010576923076923078 0.011057692307692308
0 0.4375 0.4807692307692308 0.011057692307692308 0.011057692307692308
0 0.7980769230769231 0.6370192307692307 0.00625 0.006730769230769231
0 0.8014423076923077 0.8408653846153846 0.011057692307692308 0.011057692307692308
0 0.03653846153846154 0.7879807692307692 0.010576923076923078 0.0125
0 0.48028846153846155 0.9201923076923076 0.0125 0.0125
0 0.17596153846153847 0.6341346153846154 0.013461538461538462 0.012980769230769231
0 0.09711538461538462 0.5504807692307693 0.014423076923076924 0.011538461538461539
0 0.1110576923076923 0.5072115384615384 0.013942307692307693 0.013461538461538462
