0 0.5947115384615385 0.4658653846153846 0.015865384615384615 0.016826923076923076
0 0.06201923076923077 0.5375 0.013461538461538462 0.013942307692307693
0 0.3235576923076923 0.36009615384615384 0.015384615384615385 0.015865384615384615
0 0.4716346153846154 0.6485576923076923 0.014903846153846155 0.015865384615384615
0 0.3326923076923077 0.22451923076923078 0.015384615384615385 0.016346153846153847
0 0.5100961538461538 0.8682692307692308 0.014423076923076924 0.014423076923076924
0 0.4596153846153846 0.6697115384615384 0.017788461538461538 0.016826923076923076
0 0.5572115384615385 0.14759615384615385 0.014903846153846155 0.014903846153846155
0 0.7586538461538461 0.1375 0.014423076923076924 0.015384615384615385
0 0.823076923076923 0.8533653846153846 0.016346153846153847 0.01730769230769231
0 0.2423076923076923 0.1605769230769231 0.013942307692307693 0.014423076923076924
0 0.6581730769230769 0.4096153846153846 0.013942307692307693 0.014423076923076924
0 0.01201923076923077 0.31201923076923077 0.013942307692307693 0.014423076923076924
0 0.03028846153846154 0.20625 0.016346153846153847 0.01730769230769231
0 0.2918269230769231 0.17884615384615385 0.012980769230769231 0.0125
0 0.4889423076923077 0.8336538461538462 0.0125 0.0125
0 0.8105769230769231 0.8302884615384616 0.015384615384615385 0.015384615384615385
0 0.06826923076923076 0.8072115384615385 0.014903846153846155 0.015865384615384615
0 0.37451923076923077 0.6182692307692308 0.014903846153846155 0.014903846153846155
0 0.5067307692307692 0.14471153846153847 0.014423076923076924 0.015384615384615385
0 0.5259615384615385 0.1389423076923077 0.013942307692307693 0.015384615384615385
0 0.7817307692307692 0.5980769230769231 0.013461538461538462 0.014903846153846155
0 0.2860576923076923 0.5788461538461539 0.013461538461538462 0.0125
0 0.645673076923077 0.5336538461538461 0.014423076923076924 0.015384615384615385
0 0.6360576923076923 0.2865384615384615 0.020673076923076922 0.021153846153846155
