0 0.2778846153846154 0.010096153846153847 0.014423076923076924 0.014423076923076924
0 0.19326923076923078 0.2014423076923077 0.010576923076923078 0.011057692307692308
0 0.35 0.7923076923076923 0.013942307692307693 0.013461538461538462
0 0.325 0.6956730769230769 0.0125 0.01201923076923077
0 0.3610576923076923 0.12211538461538461 0.011057692307692308 0.011538461538461539
0 0.12451923076923077 0.7322115384615384 0.013942307692307693 0.014423076923076924
0 0.12740384615384615 0.06153846153846154 0.01201923076923077 0.01201923076923077
0 0.125 0.6788461538461539 0.014903846153846155 0.013942307692307693
0 0.5254807692307693 0.7144230769230769 0.01201923076923077 0.0125
0 0.4721153846153846 0.6076923076923076 0.007211538461538462 0.007211538461538462
0 0.5264423076923077 0.12307692307692308 0.011538461538461539 0.012980769230769231
