0 0.26346153846153847 0.040865384615384616 0.010096153846153847 0.011057692307692308
0 0.7591346153846154 0.022596153846153846 0.009615384615384616 0.009615384615384616
0 0.2826923076923077 0.4355769230769231 0.011538461538461539 0.011538461538461539
0 0.7 0.4028846153846154 0.011538461538461539 0.01201923076923077
0 0.36201923076923076 0.13413461538461538 0.010576923076923078 0.010576923076923078
0 0.8283653846153847 0.5932692307692308 0.011538461538461539 0.011057692307692308
0 0.2326923076923077 0.3105769230769231 0.011057692307692308 0.011057692307692308
0 0.8129807692307692 0.026923076923076925 0.009134615384615385 0.009134615384615385
0 0.23317307692307693 0.09471153846153846 0.01201923076923077 0.011057692307692308
0 0.18173076923076922 0.046153846153846156 0.01201923076923077 0.01201923076923077
0 0.5192307692307693 0.37115384615384617 0.010096153846153847 0.009615384615384616
0 0.7221153846153846 0.06442307692307692 0.010576923076923078 0.011057692307692308
0 0.5456730769230769 0.37932692307692306 0.0125 0.0125
0 0.48028846153846155 0.1110576923076923 0.011057692307692308 0.010576923076923078
0 0.4908653846153846 0.6240384615384615 0.009615384615384616 0.010096153846153847
0 0.26009615384615387 0.19951923076923078 0.0125 0.013461538461538462
0 0.5745192307692307 0.6230769230769231 0.010576923076923078 0.010576923076923078
0 0.4971153846153846 0.31298076923076923 0.010576923076923078 0.011057692307692308
0 0.7283653846153846 0.13846153846153847 0.010096153846153847 0.010576923076923078
0 0.2798076923076923 0.3057692307692308 0.011538461538461539 0.01201923076923077
0 0.3576923076923077 0.11490384615384615 0.011538461538461539 0.01201923076923077
0 0.676923076923077 0.6293269230769231 0.013942307692307693 0.014903846153846155
0 0.635576923076923 0.4283653846153846 0.01201923076923077 0.0125
0 0.3875 0.06826923076923076 0.008653846153846154 0.009134615384615385
0 0.27884615384615385 0.6336538461538461 0.012980769230769231 0.013461538461538462
0 0.2375 0.38798076923076924 0.010096153846153847 0.010576923076923078
0 0.5475961538461539 0.5610576923076923 0.011057692307692308 0.011538461538461539
0 0.34471153846153846 0.2826923076923077 0.013461538461538462 0.013461538461538462
0 0.6730769230769231 0.5168269230769231 0.011057692307692308 0.011538461538461539
0 0.6057692307692307 0.22163461538461537 0.01201923076923077 0.0125
0 0.23942307692307693 0.6158653846153846 0.011057692307692308 0.01201923076923077
0 0.40721153846153846 0.5846153846153846 0.011057692307692308 0.011538461538461539
0 0.8326923076923077 0.5197115384615385 0.012980769230769231 0.013461538461538462
0 0.4115384615384615 0.10192307692307692 0.010576923076923078 0.011057692307692308
0 0.24423076923076922 0.5129807692307692 0.011057692307692308 0.01201923076923077
0 0.5451923076923076 0.3283653846153846 0.010576923076923078 0.010576923076923078
0 0.17596153846153847 0.11875 0.011057692307692308 0.01201923076923077
0 0.8399038461538462 0.6293269230769231 0.014903846153846155 0.015865384615384615
0 0.6663461538461538 0.5365384615384615 0.01201923076923077 0.0125
0 0.2389423076923077 0.05721153846153846 0.0125 0.0125
0 0.6081730769230769 0.30673076923076925 0.010576923076923078 0.011538461538461539
0 0.40625 0.2110576923076923 0.009615384615384616 0.009615384615384616
0 0.7009615384615384 0.4721153846153846 0.011538461538461539 0.011538461538461539
0 0.6158653846153846 0.31971153846153844 0.01201923076923077 0.01201923076923077
0 0.7576923076923077 0.48221153846153847 0.011538461538461539 0.011057692307692308
0 0.3105769230769231 0.48221153846153847 0.011057692307692308 0.011057692307692308
0 0.645673076923077 0.3894230769230769 0.011057692307692308 0.01201923076923077
0 0.5514423076923077 0.29759615384615384 0.0125 0.012980769230769231
0 0.31971153846153844 0.583173076923077 0.011538461538461539 0.01201923076923077
0 0.18269230769230768 0.023557692307692307 0.011057692307692308 0.01201923076923077
0 0.23701923076923076 0.4264423076923077 0.010576923076923078 0.011057692307692308
0 0.2783653846153846 0.49615384615384617 0.010096153846153847 0.011538461538461539
0 0.6870192307692308 0.5942307692307692 0.0125 0.012980769230769231
0 0.42932692307692305 0.2 0.010096153846153847 0.010096153846153847
0 0.2591346153846154 0.6115384615384616 0.0125 0.0125
0 0.1735576923076923 0.14471153846153847 0.013942307692307693 0.014423076923076924
0 0.21586538461538463 0.4908653846153846 0.011538461538461539 0.0125
0 0.28557692307692306 0.3423076923076923 0.01201923076923077 0.011057692307692308
0 0.7442307692307693 0.6153846153846154 0.012980769230769231 0.012980769230769231
0 0.8519230769230769 0.5072115384615384 0.012980769230769231 0.013461538461538462
0 0.8653846153846154 0.6413461538461539 0.011057692307692308 0.011538461538461539
0 0.5182692307692308 0.45096153846153847 0.013461538461538462 0.013942307692307693
0 0.6206730769230769 0.21057692307692308 0.0125 0.013461538461538462
0 0.26009615384615387 0.1889423076923077 0.010096153846153847 0.010096153846153847
0 0.6288461538461538 0.38317307692307695 0.0125 0.0125
0 0.24759615384615385 0.28221153846153846 0.011057692307692308 0.01201923076923077
0 0.6591346153846154 0.3245192307692308 0.013461538461538462 0.013942307692307693
0 0.27355769230769234 0.4855769230769231 0.011057692307692308 0.011538461538461539
0 0.6264423076923077 0.325 0.01201923076923077 0.0125
0 0.5581730769230769 0.014423076923076924 0.013942307692307693 0.014903846153846155
0 0.34951923076923075 0.22451923076923078 0.0125 0.011538461538461539
0 0.6682692307692307 0.10865384615384616 0.01826923076923077 0.017788461538461538
0 0.6908653846153846 0.14134615384615384 0.01826923076923077 0.01826923076923077
0 0.8432692307692308 0.2230769230769231 0.01826923076923077 0.017788461538461538
0 0.27355769230769234 0.34423076923076923 0.017788461538461538 0.01826923076923077
