0 0.4442307692307692 0.021153846153846155 0.015865384615384615 0.015865384615384615
0 0.5283653846153846 0.3158653846153846 0.015384615384615385 0.016346153846153847
0 0.3211538461538462 0.38125 0.015384615384615385 0.015865384615384615
0 0.5298076923076923 0.43653846153846154 0.015865384615384615 0.016346153846153847
0 0.5100961538461538 0.11730769230769231 0.015384615384615385 0.015384615384615385
0 0.5336538461538461 0.09663461538461539 0.015384615384615385 0.015865384615384615
0 0.6557692307692308 0.43701923076923077 0.015384615384615385 0.016346153846153847
0 0.48701923076923076 0.5283653846153846 0.014903846153846155 0.015384615384615385
0 0.5610576923076923 0.15 0.01730769230769231 0.01971153846153846
0 0.7701923076923077 0.21009615384615385 0.01730769230769231 0.016346153846153847
0 0.6730769230769231 0.3264423076923077 0.016346153846153847 0.016346153846153847
0 0.37884615384615383 0.02451923076923077 0.013942307692307693 0.014903846153846155
0 0.7076923076923077 0.20048076923076924 0.014903846153846155 0.015865384615384615
0 0.6466346153846154 0.15528846153846154 0.013942307692307693 0.013942307692307693
0 0.68125 0.42788461538461536 0.013942307692307693 0.014903846153846155
0 0.6673076923076923 0.7225961538461538 0.019230769230769232 0.01730769230769231
0 0.06778846153846153 0.5302884615384615 0.016346153846153847 0.016826923076923076
0 0.36201923076923076 0.3995192307692308 0.014903846153846155 0.015865384615384615
0 0.45913461538461536 0.37932692307692306 0.017788461538461538 0.01875
0 0.47307692307692306 0.15 0.015384615384615385 0.016346153846153847
0 0.5788461538461539 0.41201923076923075 0.014423076923076924 0.014423076923076924
0 0.4620192307692308 0.5173076923076924 0.01826923076923077 0.017788461538461538
0 0.6341346153846154 0.2846153846153846 0.014903846153846155 0.015865384615384615
0 0.6225961538461539 0.2692307692307692 0.015865384615384615 0.016346153846153847
0 0.43317307692307694 0.15144230769230768 0.013942307692307693 0.014423076923076924
0 0.5836538461538462 0.4360576923076923 0.014423076923076924 0.015384615384615385
0 0.5389423076923077 0.1110576923076923 0.01971153846153846 0.020192307692307693
