0 0.3783653846153846 0.4009615384615385 0.014903846153846155 0.014903846153846155
0 0.07548076923076923 0.7269230769230769 0.009615384615384616 0.009134615384615385
0 0.1639423076923077 0.81875 0.01201923076923077 0.012980769230769231
0 0.45096153846153847 0.6096153846153847 0.009134615384615385 0.01201923076923077
0 0.4600961538461538 0.6471153846153846 0.013461538461538462 0.013942307692307693
0 0.29471153846153847 0.7725961538461539 0.0125 0.012980769230769231
0 0.4283653846153846 0.8 0.01201923076923077 0.0125
0 0.18557692307692308 0.8716346153846154 0.012980769230769231 0.013461538461538462
0 0.7850961538461538 0.74375 0.0125 0.013461538461538462
0 0.5403846153846154 0.8322115384615385 0.0125 0.013461538461538462
0 0.6836538461538462 0.6831730769230769 0.012980769230769231 0.013461538461538462
0 0.20528846153846153 0.8447115384615385 0.01201923076923077 0.0125
0 0.38221153846153844 0.47259615384615383 0.0125 0.013461538461538462
0 0.7913461538461538 0.5360576923076923 0.0125 0.013942307692307693
0 0.2519230769230769 0.7817307692307692 0.0125 0.013461538461538462
0 0.3014423076923077 0.8625 0.012980769230769231 0.013461538461538462
0 0.3192307692307692 0.8427884615384615 0.011538461538461539 0.0125
0 0.1264423076923077 0.801923076923077 0.012980769230769231 0.014423076923076924
0 0.4375 0.8865384615384615 0.013942307692307693 0.014423076923076924
0 0.5225961538461539 0.8600961538461539 0.010096153846153847 0.010576923076923078
0 0.28894230769230766 0.4461538461538462 0.013461538461538462 0.014423076923076924
