0 0.5274038461538462 0.46105769230769234 0.014423076923076924 0.014903846153846155
0 0.5658653846153846 0.46875 0.013942307692307693 0.014903846153846155
0 0.11394230769230769 0.49278846153846156 0.014903846153846155 0.015384615384615385
0 0.36875 0.37596153846153846 0.015384615384615385 0.015865384615384615
0 0.3543269230769231 0.6745192307692308 0.014423076923076924 0.014423076923076924
0 0.6240384615384615 0.39855769230769234 0.015865384615384615 0.016826923076923076
0 0.5360576923076923 0.5980769230769231 0.01730769230769231 0.015384615384615385
0 0.21875 0.20336538461538461 0.013942307692307693 0.014423076923076924
0 0.29134615384615387 0.5014423076923077 0.015865384615384615 0.016826923076923076
0 0.6298076923076923 0.1283653846153846 0.013942307692307693 0.014903846153846155
0 0.22740384615384615 0.5769230769230769 0.014423076923076924 0.014423076923076924
0 0.33221153846153845 0.5475961538461539 0.012980769230769231 0.013461538461538462
0 0.3033653846153846 0.4774038461538462 0.013942307692307693 0.014423076923076924
0 0.46634615384615385 0.10240384615384615 0.013942307692307693 0.013461538461538462
0 0.3125 0.7875 0.016346153846153847 0.016826923076923076
0 0.3269230769230769 0.6197115384615385 0.013942307692307693 0.013942307692307693
0 0.46490384615384617 0.5725961538461538 0.013461538461538462 0.012980769230769231
0 0.38317307692307695 0.5509615384615385 0.013461538461538462 0.013461538461538462
0 0.40673076923076923 0.5913461538461539 0.013942307692307693 0.013942307692307693
0 0.31009615384615385 0.7677884615384616 0.014423076923076924 0.014903846153846155
0 0.5875 0.7471153846153846 0.015384615384615385 0.015865384615384615
0 0.33990384615384617 0.6413461538461539 0.013942307692307693 0.014423076923076924
0 0.3245192307692308 0.46105769230769234 0.014423076923076924 0.014903846153846155
0 0.45096153846153847 0.6899038461538461 0.013942307692307693 0.013942307692307693
0 0.3076923076923077 0.64375 0.019230769230769232 0.017788461538461538
0 0.33076923076923076 0.6278846153846154 0.013461538461538462 0.0125
0 0.10192307692307692 0.66875 0.01875 0.01875
0 0.3264423076923077 0.6826923076923077 0.019230769230769232 0.01875
