0 0.708173076923077 0.09759615384615385 0.015384615384615385 0.015865384615384615
0 0.1908653846153846 0.2586538461538462 0.015865384615384615 0.01730769230769231
0 0.7038461538461539 0.21826923076923077 0.016346153846153847 0.01730769230769231
0 0.4639423076923077 0.44326923076923075 0.016346153846153847 0.016826923076923076
0 0.5490384615384616 0.3192307692307692 0.015865384615384615 0.016346153846153847
0 0.7274038461538461 0.6471153846153846 0.015865384615384615 0.016346153846153847
0 0.3057692307692308 0.3211538461538462 0.015384615384615385 0.015865384615384615
0 0.13509615384615384 0.7149038461538462 0.015865384615384615 0.016826923076923076
0 0.3423076923076923 0.3471153846153846 0.015384615384615385 0.015384615384615385
0 0.12115384615384615 0.2725961538461538 0.015865384615384615 0.016826923076923076
0 0.58125 0.08076923076923077 0.015865384615384615 0.016826923076923076
0 0.022115384615384617 0.42788461538461536 0.014903846153846155 0.015865384615384615
0 0.035096153846153846 0.31634615384615383 0.016346153846153847 0.016826923076923076
0 0.5442307692307692 0.26346153846153847 0.015865384615384615 0.015384615384615385
0 0.6490384615384616 0.08076923076923077 0.016346153846153847 0.015865384615384615
0 0.5125 0.20288461538461539 0.016826923076923076 0.017788461538461538
0 0.16105769230769232 0.4033653846153846 0.013942307692307693 0.014903846153846155
0 0.3235576923076923 0.25384615384615383 0.015384615384615385 0.015865384615384615
0 0.6798076923076923 0.6024038461538461 0.015384615384615385 0.01875
0 0.38653846153846155 0.3485576923076923 0.015865384615384615 0.015865384615384615
0 0.666826923076923 0.6524038461538462 0.014903846153846155 0.015865384615384615
0 0.325 0.4408653846153846 0.019230769230769232 0.020192307692307693
0 0.24086538461538462 0.2745192307692308 0.013942307692307693 0.014423076923076924
0 0.5259615384615385 0.023557692307692307 0.015384615384615385 0.015384615384615385
0 0.3591346153846154 0.025961538461538463 0.014903846153846155 0.015384615384615385
0 0.28365384615384615 0.09519230769230769 0.015865384615384615 0.016346153846153847
0 0.4495192307692308 0.41586538461538464 0.015384615384615385 0.015384615384615385
0 0.4149038461538462 0.7024038461538461 0.015384615384615385 0.014903846153846155
0 0.4442307692307692 0.13221153846153846 0.015384615384615385 0.014903846153846155
0 0.4625 0.3211538461538462 0.013942307692307693 0.014423076923076924
0 0.19230769230769232 0.3331730769230769 0.016826923076923076 0.016826923076923076
0 0.5110576923076923 0.31826923076923075 0.014423076923076924 0.014903846153846155
0 0.5163461538461539 0.18269230769230768 0.014903846153846155 0.014903846153846155
0 0.28846153846153844 0.10913461538461539 0.015384615384615385 0.015384615384615385
