0 0.4153846153846154 0.4322115384615385 0.011538461538461539 0.011057692307692308
0 0.541826923076923 0.35865384615384616 0.009615384615384616 0.010096153846153847
0 0.8658653846153846 0.5427884615384615 0.009134615384615385 0.009615384615384616
0 0.7913461538461538 0.21586538461538463 0.009615384615384616 0.010096153846153847
0 0.7197115384615385 0.2658653846153846 0.010096153846153847 0.009615384615384616
0 0.7471153846153846 0.5591346153846154 0.010576923076923078 0.011538461538461539
0 0.7004807692307692 0.3278846153846154 0.010096153846153847 0.010576923076923078
0 0.43990384615384615 0.21201923076923077 0.010096153846153847 0.010576923076923078
0 0.4668269230769231 0.3 0.010096153846153847 0.010576923076923078
0 0.3975961538461538 0.48701923076923076 0.010576923076923078 0.011057692307692308
0 0.43125 0.5908653846153846 0.010096153846153847 0.010576923076923078
0 0.5644230769230769 0.41971153846153847 0.011538461538461539 0.01201923076923077
0 0.4110576923076923 0.07884615384615384 0.009615384615384616 0.010096153846153847
0 0.4879807692307692 0.41875 0.009615384615384616 0.010096153846153847
0 0.7201923076923077 0.18365384615384617 0.010096153846153847 0.010576923076923078
0 0.5009615384615385 0.38269230769230766 0.010096153846153847 0.011057692307692308
0 0.6951923076923077 0.3855769230769231 0.009134615384615385 0.009615384615384616
0 0.6379807692307692 0.5735576923076923 0.009615384615384616 0.009615384615384616
0 0.09903846153846153 0.6274038461538461 0.009615384615384616 0.010096153846153847
0 0.47692307692307695 0.38076923076923075 0.0125 0.012980769230769231
0 0.7475961538461539 0.1293269230769231 0.009615384615384616 0.009615384615384616
0 0.36490384615384613 0.6394230769230769 0.009134615384615385 0.010096153846153847
0 0.8673076923076923 0.37115384615384617 0.011057692307692308 0.011538461538461539
0 0.6913461538461538 0.1831730769230769 0.009134615384615385 0.009615384615384616
0 0.43846153846153846 0.12692307692307692 0.008653846153846154 0.009134615384615385
0 0.6846153846153846 0.46634615384615385 0.010576923076923078 0.011057692307692308
0 0.5793269230769231 0.022596153846153846 0.009134615384615385 0.009615384615384616
0 0.33798076923076925 0.2764423076923077 0.011538461538461539 0.01201923076923077
0 0.8399038461538462 0.5879807692307693 0.010096153846153847 0.010096153846153847
0 0.6899038461538461 0.41346153846153844 0.011057692307692308 0.011538461538461539
0 0.8283653846153847 0.6572115384615385 0.011057692307692308 0.011057692307692308
0 0.5884615384615385 0.11971153846153847 0.008653846153846154 0.009615384615384616
0 0.4841346153846154 0.09134615384615384 0.011057692307692308 0.011538461538461539
0 0.7225961538461538 0.3663461538461538 0.011057692307692308 0.0125
0 0.20865384615384616 0.0889423076923077 0.009134615384615385 0.009615384615384616
0 0.8091346153846154 0.5048076923076923 0.009615384615384616 0.010096153846153847
0 0.5331730769230769 0.48701923076923076 0.010096153846153847 0.010096153846153847
0 0.40240384615384617 0.5591346153846154 0.011057692307692308 0.011057692307692308
0 0.4985576923076923 0.45048076923076924 0.009615384615384616 0.009615384615384616
0 0.6447115384615385 0.6543269230769231 0.010576923076923078 0.011057692307692308
0 0.7730769230769231 0.16826923076923078 0.0125 0.012980769230769231
0 0.5384615384615384 0.25048076923076923 0.008653846153846154 0.009134615384615385
0 0.46153846153846156 0.49567307692307694 0.011538461538461539 0.01201923076923077
0 0.4360576923076923 0.23798076923076922 0.010096153846153847 0.011057692307692308
0 0.30625 0.5216346153846154 0.011057692307692308 0.011057692307692308
0 0.698076923076923 0.08317307692307692 0.010576923076923078 0.011057692307692308
0 0.6706730769230769 0.1389423076923077 0.011538461538461539 0.01201923076923077
0 0.7956730769230769 0.17836538461538462 0.008653846153846154 0.010096153846153847
0 0.5899038461538462 0.2673076923076923 0.01201923076923077 0.011057692307692308
0 0.5230769230769231 0.3682692307692308 0.01201923076923077 0.01201923076923077
0 0.8134615384615385 0.035576923076923075 0.010576923076923078 0.011057692307692308
0 0.6605769230769231 0.43028846153846156 0.009615384615384616 0.009615384615384616
0 0.7735576923076923 0.3855769230769231 0.01201923076923077 0.012980769230769231
0 0.6403846153846153 0.4875 0.0125 0.0125
0 0.3860576923076923 0.2605769230769231 0.010096153846153847 0.010096153846153847
0 0.7942307692307692 0.38076923076923075 0.010576923076923078 0.010576923076923078
0 0.7360576923076924 0.07355769230769231 0.010576923076923078 0.011538461538461539
0 0.3889423076923077 0.010576923076923078 0.011057692307692308 0.011057692307692308
0 0.42596153846153845 0.23942307692307693 0.011538461538461539 0.011057692307692308
0 0.645673076923077 0.08798076923076924 0.012980769230769231 0.012980769230769231
0 0.6293269230769231 0.08173076923076923 0.012980769230769231 0.0125
0 0.37740384615384615 0.009134615384615385 0.011057692307692308 0.011538461538461539
0 0.5875 0.19471153846153846 0.01201923076923077 0.01201923076923077
0 0.4600961538461538 0.5177884615384616 0.01201923076923077 0.01201923076923077
0 0.7014423076923076 0.40240384615384617 0.01201923076923077 0.01201923076923077
0 0.23846153846153847 0.4721153846153846 0.011538461538461539 0.011538461538461539
0 0.7769230769230769 0.10336538461538461 0.01971153846153846 0.01971153846153846
