0 0.04855769230769231 0.7399038461538462 0.011538461538461539 0.011538461538461539
0 0.770673076923077 0.5985576923076923 0.012980769230769231 0.012980769230769231
0 0.04230769230769231 0.14182692307692307 0.009134615384615385 0.011538461538461539
0 0.27403846153846156 0.6125 0.013942307692307693 0.014903846153846155
0 0.3870192307692308 0.5028846153846154 0.011538461538461539 0.01201923076923077
0 0.24615384615384617 0.7807692307692308 0.012980769230769231 0.013461538461538462
0 0.47884615384615387 0.5538461538461539 0.01201923076923077 0.0125
0 0.0375 0.6591346153846154 0.0125 0.013461538461538462
0 0.6754807692307693 0.19663461538461538 0.008653846153846154 0.010576923076923078
0 0.1875 0.8514423076923077 0.014423076923076924 0.014423076923076924
0 0.15528846153846154 0.3783653846153846 0.014423076923076924 0.013461538461538462
0 0.6225961538461539 0.5043269230769231 0.007692307692307693 0.011538461538461539
0 0.54375 0.3216346153846154 0.0125 0.013461538461538462
0 0.2798076923076923 0.6745192307692308 0.014423076923076924 0.013942307692307693
0 0.7235576923076923 0.5336538461538461 0.010096153846153847 0.009615384615384616
0 0.47836538461538464 0.7129807692307693 0.012980769230769231 0.0125
0 0.24086538461538462 0.8682692307692308 0.01201923076923077 0.01201923076923077
0 0.7149038461538462 0.6923076923076923 0.0125 0.012980769230769231
0 0.31346153846153846 0.6985576923076923 0.0125 0.013461538461538462
0 0.7365384615384616 0.8653846153846154 0.012980769230769231 0.013461538461538462
0 0.4706730769230769 0.45625 0.010576923076923078 0.010096153846153847
0 0.10817307692307693 0.5875 0.014903846153846155 0.015384615384615385
0 0.5798076923076924 0.7067307692307693 0.0125 0.011538461538461539
0 0.6038461538461538 0.7951923076923076 0.013942307692307693 0.013942307692307693
0 0.5927884615384615 0.5024038461538461 0.010576923076923078 0.009134615384615385
0 0.5778846153846153 0.68125 0.013942307692307693 0.012980769230769231
0 0.4230769230769231 0.7802884615384615 0.013461538461538462 0.013461538461538462
0 0.39663461538461536 0.7528846153846154 0.012980769230769231 0.0125
0 0.53125 0.8100961538461539 0.013461538461538462 0.01201923076923077
0 0.7004807692307692 0.7365384615384616 0.014423076923076924 0.014423076923076924
0 0.09615384615384616 0.791826923076923 0.014423076923076924 0.012980769230769231
0 0.23701923076923076 0.7269230769230769 0.013461538461538462 0.014423076923076924
0 0.6370192307692307 0.8432692307692308 0.012980769230769231 0.013461538461538462
0 0.4221153846153846 0.8490384615384615 0.012980769230769231 0.014903846153846155
0 0.6245192307692308 0.7442307692307693 0.013461538461538462 0.014423076923076924
0 0.16490384615384615 0.8504807692307692 0.008173076923076924 0.010576923076923078
0 0.6653846153846154 0.6817307692307693 0.015865384615384615 0.014903846153846155
0 0.7567307692307692 0.8442307692307692 0.014903846153846155 0.014903846153846155
0 0.4514423076923077 0.8701923076923077 0.012980769230769231 0.014903846153846155
0 0.541826923076923 0.8043269230769231 0.013461538461538462 0.015865384615384615
0 0.6192307692307693 0.7658653846153847 0.013461538461538462 0.014423076923076924
0 0.3817307692307692 0.8822115384615384 0.010096153846153847 0.008653846153846154
0 0.7418269230769231 0.6951923076923077 0.012980769230769231 0.014903846153846155
0 0.46826923076923077 0.8759615384615385 0.010096153846153847 0.011057692307692308
0 0.5918269230769231 0.8759615384615385 0.013461538461538462 0.013942307692307693
0 0.058653846153846154 0.88125 0.020192307692307693 0.020192307692307693
