0 0.06538461538461539 0.2173076923076923 0.012980769230769231 0.013461538461538462
0 0.3105769230769231 0.19567307692307692 0.008653846153846154 0.008653846153846154
0 0.36682692307692305 0.6115384615384616 0.011057692307692308 0.011538461538461539
0 0.7697115384615385 0.5538461538461539 0.0125 0.012980769230769231
0 0.6629807692307692 0.36682692307692305 0.01201923076923077 0.0125
0 0.3423076923076923 0.7860576923076923 0.01201923076923077 0.0125
0 0.6278846153846154 0.7596153846153846 0.012980769230769231 0.013942307692307693
0 0.3485576923076923 0.23221153846153847 0.009615384615384616 0.009615384615384616
0 0.5052884615384615 0.23846153846153847 0.012980769230769231 0.013461538461538462
0 0.2899038461538462 0.6793269230769231 0.013461538461538462 0.013942307692307693
0 0.30625 0.18990384615384615 0.009615384615384616 0.011538461538461539
