0 0.028365384615384615 0.020673076923076922 0.01971153846153846 0.01971153846153846
0 0.07115384615384615 0.06442307692307692 0.01971153846153846 0.01971153846153846
0 0.573076923076923 0.052884615384615384 0.01971153846153846 0.01971153846153846
0 0.6298076923076923 0.07019230769230769 0.01971153846153846 0.01971153846153846
0 0.03076923076923077 0.16346153846153846 0.020192307692307693 0.01971153846153846
0 0.4653846153846154 0.1971153846153846 0.01971153846153846 0.01971153846153846
0 0.48173076923076924 0.23990384615384616 0.01971153846153846 0.020192307692307693
0 0.6596153846153846 0.19903846153846153 0.01971153846153846 0.01971153846153846
0 0.3889423076923077 0.3504807692307692 0.01971153846153846 0.020192307692307693
0 0.5451923076923076 0.37548076923076923 0.020192307692307693 0.01971153846153846
0 0.15865384615384615 0.4341346153846154 0.01971153846153846 0.01971153846153846
