0 0.2783653846153846 0.6567307692307692 0.014423076923076924 0.015384615384615385
0 0.17163461538461539 0.10865384615384616 0.014423076923076924 0.014903846153846155
0 0.13557692307692307 0.03221153846153846 0.013461538461538462 0.013942307692307693
0 0.5653846153846154 0.53125 0.013461538461538462 0.013942307692307693
0 0.09134615384615384 0.24951923076923077 0.013942307692307693 0.014423076923076924
0 0.0985576923076923 0.19903846153846153 0.015384615384615385 0.015384615384615385
0 0.40240384615384617 0.5822115384615385 0.011538461538461539 0.0125
0 0.16153846153846155 0.7504807692307692 0.010096153846153847 0.011057692307692308
0 0.40528846153846154 0.5634615384615385 0.014423076923076924 0.015384615384615385
0 0.09326923076923077 0.3456730769230769 0.0125 0.012980769230769231
0 0.06586538461538462 0.5822115384615385 0.010576923076923078 0.011057692307692308
0 0.2110576923076923 0.06971153846153846 0.011538461538461539 0.01201923076923077
0 0.20240384615384616 0.3956730769230769 0.013461538461538462 0.013942307692307693
0 0.18125 0.1466346153846154 0.01201923076923077 0.0125
0 0.1519230769230769 0.035096153846153846 0.015384615384615385 0.015865384615384615
0 0.33557692307692305 0.061057692307692306 0.01201923076923077 0.0125
0 0.17307692307692307 0.09326923076923077 0.010576923076923078 0.011538461538461539
0 0.15625 0.05576923076923077 0.014423076923076924 0.015384615384615385
0 0.37067307692307694 0.4514423076923077 0.016346153846153847 0.016826923076923076
0 0.10673076923076923 0.020192307692307693 0.01201923076923077 0.0125
0 0.36778846153846156 0.5600961538461539 0.011538461538461539 0.0125
0 0.49759615384615385 0.15384615384615385 0.0125 0.0125
0 0.35336538461538464 0.4971153846153846 0.012980769230769231 0.012980769230769231
0 0.01971153846153846 0.21923076923076923 0.01201923076923077 0.012980769230769231
0 0.4394230769230769 0.35865384615384616 0.011057692307692308 0.011538461538461539
0 0.12355769230769231 0.31153846153846154 0.01201923076923077 0.0125
0 0.022596153846153846 0.09375 0.011057692307692308 0.011538461538461539
0 0.10576923076923077 0.2485576923076923 0.013942307692307693 0.013942307692307693
0 0.06634615384615385 0.07019230769230769 0.012980769230769231 0.0125
0 0.01730769230769231 0.5927884615384615 0.011057692307692308 0.011538461538461539
0 0.046634615384615385 0.35865384615384616 0.011538461538461539 0.01201923076923077
0 0.09567307692307692 0.2971153846153846 0.01201923076923077 0.01201923076923077
0 0.20625 0.08701923076923077 0.013461538461538462 0.013942307692307693
0 0.21826923076923077 0.06490384615384616 0.014423076923076924 0.015865384615384615
0 0.27115384615384613 0.27307692307692305 0.016826923076923076 0.01730769230769231
0 0.06490384615384616 0.12355769230769231 0.015384615384615385 0.015384615384615385
0 0.3293269230769231 0.0673076923076923 0.011538461538461539 0.01201923076923077
