0 0.32067307692307695 0.041346153846153845 0.014423076923076924 0.014903846153846155
0 0.6567307692307692 0.33076923076923076 0.015384615384615385 0.015384615384615385
0 0.04326923076923077 0.29278846153846155 0.014903846153846155 0.014903846153846155
0 0.5711538461538461 0.4807692307692308 0.014423076923076924 0.014423076923076924
0 0.7076923076923077 0.03028846153846154 0.012980769230769231 0.014423076923076924
0 0.08798076923076924 0.047596153846153844 0.013942307692307693 0.013942307692307693
0 0.11442307692307692 0.35336538461538464 0.014903846153846155 0.015865384615384615
0 0.09134615384615384 0.33653846153846156 0.014903846153846155 0.014903846153846155
0 0.6274038461538461 0.3528846153846154 0.015865384615384615 0.01875
0 0.21634615384615385 0.2966346153846154 0.013461538461538462 0.013942307692307693
0 0.5033653846153846 0.20961538461538462 0.014423076923076924 0.014423076923076924
0 0.4201923076923077 0.3019230769230769 0.012980769230769231 0.013461538461538462
0 0.36153846153846153 0.44759615384615387 0.013461538461538462 0.013461538461538462
0 0.22115384615384615 0.4389423076923077 0.014903846153846155 0.014903846153846155
0 0.5163461538461539 0.3870192307692308 0.014903846153846155 0.014903846153846155
0 0.06538461538461539 0.3596153846153846 0.015384615384615385 0.014903846153846155
0 0.37403846153846154 0.5235576923076923 0.012980769230769231 0.013461538461538462
0 0.6235576923076923 0.26634615384615384 0.016346153846153847 0.015384615384615385
0 0.23413461538461539 0.051923076923076926 0.017788461538461538 0.017788461538461538
0 0.0625 0.13076923076923078 0.01826923076923077 0.01826923076923077
0 0.583173076923077 0.34278846153846154 0.017788461538461538 0.01826923076923077
0 0.5480769230769231 0.3625 0.01826923076923077 0.01826923076923077
0 0.5365384615384615 0.3548076923076923 0.01826923076923077 0.017788461538461538
0 0.10288461538461538 0.5235576923076923 0.01826923076923077 0.017788461538461538
0 0.3096153846153846 0.5033653846153846 0.01826923076923077 0.01826923076923077
0 0.3235576923076923 0.5033653846153846 0.017788461538461538 0.01826923076923077
0 0.35625 0.5254807692307693 0.01826923076923077 0.017788461538461538
0 0.4033653846153846 0.4408653846153846 0.01826923076923077 0.017788461538461538
0 0.38076923076923075 0.4403846153846154 0.01826923076923077 0.01826923076923077
0 0.26634615384615384 0.42115384615384616 0.01826923076923077 0.017788461538461538
0 0.5725961538461538 0.4846153846153846 0.017788461538461538 0.017788461538461538
0 0.6254807692307692 0.42788461538461536 0.017788461538461538 0.01826923076923077
0 0.6504807692307693 0.48028846153846155 0.01826923076923077 0.017788461538461538
0 0.11826923076923077 0.5754807692307692 0.01826923076923077 0.01826923076923077
0 0.6317307692307692 0.3841346153846154 0.01826923076923077 0.01826923076923077
