0 0.5399038461538461 0.5629807692307692 0.014423076923076924 0.014903846153846155
0 0.55625 0.20961538461538462 0.012980769230769231 0.014423076923076924
0 0.28028846153846154 0.5634615384615385 0.012980769230769231 0.014423076923076924
0 0.4951923076923077 0.8211538461538461 0.010576923076923078 0.009134615384615385
0 0.48701923076923076 0.5173076923076924 0.014423076923076924 0.014423076923076924
0 0.1971153846153846 0.698076923076923 0.0125 0.012980769230769231
0 0.40240384615384617 0.8365384615384616 0.010096153846153847 0.009134615384615385
0 0.44711538461538464 0.8817307692307692 0.014423076923076924 0.013942307692307693
0 0.3798076923076923 0.4408653846153846 0.009615384615384616 0.009134615384615385
0 0.041346153846153845 0.2879807692307692 0.01201923076923077 0.012980769230769231
0 0.7096153846153846 0.5894230769230769 0.013461538461538462 0.013461538461538462
0 0.24134615384615385 0.07932692307692307 0.010576923076923078 0.009615384615384616
0 0.38653846153846155 0.6961538461538461 0.012980769230769231 0.014423076923076924
0 0.1283653846153846 0.040865384615384616 0.009615384615384616 0.011538461538461539
0 0.1908653846153846 0.21923076923076923 0.011538461538461539 0.013461538461538462
0 0.43317307692307694 0.73125 0.01201923076923077 0.01201923076923077
0 0.21346153846153845 0.7278846153846154 0.013461538461538462 0.012980769230769231
0 0.6399038461538461 0.7288461538461538 0.012980769230769231 0.013461538461538462
0 0.021153846153846155 0.6163461538461539 0.013461538461538462 0.013461538461538462
0 0.6225961538461539 0.6129807692307693 0.008173076923076924 0.01201923076923077
0 0.7259615384615384 0.8168269230769231 0.012980769230769231 0.013461538461538462
0 0.7442307692307693 0.8471153846153846 0.0125 0.0125
0 0.48221153846153847 0.6548076923076923 0.0125 0.011538461538461539
0 0.7177884615384615 0.48653846153846153 0.010096153846153847 0.009134615384615385
0 0.6096153846153847 0.5899038461538462 0.008653846153846154 0.01201923076923077
0 0.5336538461538461 0.7283653846153846 0.009615384615384616 0.009134615384615385
0 0.7120192307692308 0.7158653846153846 0.013942307692307693 0.013942307692307693
0 0.7663461538461539 0.8711538461538462 0.0125 0.013942307692307693
0 0.6754807692307693 0.7389423076923077 0.013942307692307693 0.014903846153846155
0 0.6514423076923077 0.5721153846153846 0.013461538461538462 0.014423076923076924
0 0.31153846153846154 0.6591346153846154 0.013461538461538462 0.014903846153846155
0 0.6875 0.2951923076923077 0.010576923076923078 0.009134615384615385
0 0.6423076923076924 0.6600961538461538 0.012980769230769231 0.014423076923076924
0 0.6576923076923077 0.7355769230769231 0.014903846153846155 0.015384615384615385
0 0.6163461538461539 0.6076923076923076 0.008173076923076924 0.011057692307692308
0 0.4014423076923077 0.01826923076923077 0.014423076923076924 0.013942307692307693
0 0.5278846153846154 0.48509615384615384 0.013461538461538462 0.015384615384615385
0 0.69375 0.65 0.015384615384615385 0.015865384615384615
