0 0.4841346153846154 0.25576923076923075 0.005288461538461539 0.004807692307692308
0 0.007211538461538462 0.17211538461538461 0.011057692307692308 0.0125
0 0.3625 0.5697115384615384 0.013461538461538462 0.0125
0 0.1778846153846154 0.1798076923076923 0.011057692307692308 0.011057692307692308
0 0.6057692307692307 0.4706730769230769 0.011538461538461539 0.010576923076923078
0 0.26346153846153847 0.30432692307692305 0.00625 0.00625
0 0.6322115384615384 0.3173076923076923 0.011538461538461539 0.011538461538461539
0 0.35721153846153847 0.02980769230769231 0.004807692307692308 0.0057692307692307696
0 0.6461538461538462 0.2778846153846154 0.01201923076923077 0.01201923076923077
0 0.3841346153846154 0.038461538461538464 0.01875 0.019230769230769232
