0 0.8307692307692308 0.2658653846153846 0.012980769230769231 0.013461538461538462
0 0.40673076923076923 0.2264423076923077 0.01201923076923077 0.0125
0 0.2826923076923077 0.14903846153846154 0.010096153846153847 0.010576923076923078
0 0.34375 0.1264423076923077 0.0125 0.013461538461538462
0 0.47644230769230766 0.6442307692307693 0.012980769230769231 0.013942307692307693
0 0.047596153846153844 0.48125 0.011538461538461539 0.01201923076923077
0 0.07596153846153846 0.5480769230769231 0.011057692307692308 0.011538461538461539
0 0.12259615384615384 0.7865384615384615 0.011538461538461539 0.01201923076923077
0 0.6350961538461538 0.46490384615384617 0.01201923076923077 0.012980769230769231
0 0.31153846153846154 0.7072115384615385 0.011538461538461539 0.01201923076923077
0 0.3264423076923077 0.51875 0.010576923076923078 0.011538461538461539
0 0.009615384615384616 0.8514423076923077 0.0125 0.012980769230769231
0 0.5341346153846154 0.06298076923076923 0.0125 0.012980769230769231
0 0.22548076923076923 0.8528846153846154 0.011057692307692308 0.01201923076923077
0 0.5879807692307693 0.7807692307692308 0.01201923076923077 0.012980769230769231
0 0.6620192307692307 0.45576923076923076 0.01201923076923077 0.012980769230769231
0 0.06057692307692308 0.6543269230769231 0.014903846153846155 0.015865384615384615
0 0.6014423076923077 0.10625 0.011538461538461539 0.01201923076923077
0 0.7004807692307692 0.6365384615384615 0.014903846153846155 0.016346153846153847
0 0.12307692307692308 0.6817307692307693 0.012980769230769231 0.013461538461538462
0 0.3346153846153846 0.30096153846153845 0.010576923076923078 0.011057692307692308
0 0.4168269230769231 0.8269230769230769 0.011057692307692308 0.011538461538461539
0 0.5110576923076923 0.01971153846153846 0.011538461538461539 0.01201923076923077
0 0.10144230769230769 0.5201923076923077 0.01201923076923077 0.01201923076923077
0 0.7730769230769231 0.6014423076923077 0.01201923076923077 0.012980769230769231
0 0.03894230769230769 0.3033653846153846 0.0125 0.0125
0 0.3177884615384615 0.4798076923076923 0.011538461538461539 0.0125
0 0.5966346153846154 0.06875 0.011538461538461539 0.011538461538461539
0 0.7475961538461539 0.010096153846153847 0.01730769230769231 0.016826923076923076
0 0.26490384615384616 0.10961538461538461 0.011538461538461539 0.01201923076923077
0 0.06346153846153846 0.09134615384615384 0.011538461538461539 0.011538461538461539
0 0.7028846153846153 0.22884615384615384 0.012980769230769231 0.013461538461538462
0 0.6783653846153846 0.43990384615384615 0.0125 0.0125
0 0.02980769230769231 0.14423076923076922 0.011057692307692308 0.01201923076923077
0 0.04423076923076923 0.6605769230769231 0.011538461538461539 0.01201923076923077
0 0.22451923076923078 0.23509615384615384 0.010576923076923078 0.011538461538461539
0 0.4855769230769231 0.31009615384615385 0.012980769230769231 0.013461538461538462
0 0.725 0.49423076923076925 0.011538461538461539 0.01201923076923077
0 0.04471153846153846 0.24182692307692308 0.011538461538461539 0.011538461538461539
0 0.15528846153846154 0.16923076923076924 0.011057692307692308 0.01201923076923077
0 0.7879807692307692 0.49567307692307694 0.0125 0.012980769230769231
0 0.6581730769230769 0.03076923076923077 0.010576923076923078 0.011057692307692308
0 0.7658653846153847 0.12884615384615383 0.010576923076923078 0.011057692307692308
0 0.16682692307692307 0.2283653846153846 0.013942307692307693 0.014423076923076924
0 0.5798076923076924 0.13076923076923078 0.011538461538461539 0.01201923076923077
0 0.1778846153846154 0.32596153846153847 0.01201923076923077 0.0125
0 0.007692307692307693 0.125 0.011538461538461539 0.011538461538461539
0 0.27115384615384613 0.03701923076923077 0.011057692307692308 0.0125
0 0.4600961538461538 0.775 0.010576923076923078 0.010576923076923078
0 0.4028846153846154 0.34615384615384615 0.010576923076923078 0.011538461538461539
0 0.7009615384615384 0.1264423076923077 0.011057692307692308 0.01201923076923077
0 0.7456730769230769 0.6216346153846154 0.012980769230769231 0.013461538461538462
0 0.35625 0.3278846153846154 0.0125 0.013942307692307693
0 0.27884615384615385 0.12788461538461537 0.011538461538461539 0.01201923076923077
0 0.11778846153846154 0.03990384615384615 0.01201923076923077 0.0125
0 0.5701923076923077 0.3663461538461538 0.011057692307692308 0.011538461538461539
0 0.046153846153846156 0.5942307692307692 0.011057692307692308 0.011538461538461539
0 0.33221153846153845 0.7894230769230769 0.011538461538461539 0.01201923076923077
0 0.11634615384615385 0.20096153846153847 0.010576923076923078 0.011057692307692308
0 0.7846153846153846 0.6216346153846154 0.01201923076923077 0.0125
0 0.8375 0.7240384615384615 0.013942307692307693 0.014423076923076924
0 0.25384615384615383 0.175 0.0125 0.012980769230769231
0 0.7221153846153846 0.21778846153846154 0.011538461538461539 0.011538461538461539
0 0.41009615384615383 0.79375 0.009615384615384616 0.009615384615384616
0 0.28221153846153846 0.24326923076923077 0.010096153846153847 0.010096153846153847
0 0.0057692307692307696 0.6682692307692307 0.010096153846153847 0.010576923076923078
0 0.31875 0.40673076923076923 0.011057692307692308 0.011057692307692308
0 0.4408653846153846 0.03365384615384615 0.011057692307692308 0.01201923076923077
0 0.4798076923076923 0.29615384615384616 0.01201923076923077 0.0125
0 0.55 0.44182692307692306 0.01201923076923077 0.0125
0 0.7548076923076923 0.24182692307692308 0.010576923076923078 0.010576923076923078
0 0.02980769230769231 0.5177884615384616 0.01201923076923077 0.0125
0 0.17067307692307693 0.4182692307692308 0.010576923076923078 0.011057692307692308
0 0.5533653846153846 0.011538461538461539 0.010576923076923078 0.011057692307692308
0 0.48509615384615384 0.8254807692307692 0.01201923076923077 0.012980769230769231
0 0.3423076923076923 0.3576923076923077 0.01201923076923077 0.0125
0 0.21778846153846154 0.12307692307692308 0.011057692307692308 0.011538461538461539
0 0.43990384615384615 0.25625 0.012980769230769231 0.012980769230769231
0 0.3557692307692308 0.2879807692307692 0.010576923076923078 0.011538461538461539
0 0.4221153846153846 0.725 0.010096153846153847 0.010576923076923078
0 0.4932692307692308 0.05096153846153846 0.012980769230769231 0.013461538461538462
0 0.36923076923076925 0.42740384615384613 0.011538461538461539 0.011538461538461539
0 0.3557692307692308 0.38461538461538464 0.011057692307692308 0.01201923076923077
0 0.05336538461538461 0.6745192307692308 0.01201923076923077 0.01201923076923077
0 0.2639423076923077 0.8466346153846154 0.013461538461538462 0.013461538461538462
0 0.4182692307692308 0.7182692307692308 0.009615384615384616 0.009134615384615385
0 0.6634615384615384 0.20961538461538462 0.016346153846153847 0.016346153846153847
0 0.5043269230769231 0.36730769230769234 0.021153846153846155 0.021153846153846155
0 0.6701923076923076 0.6038461538461538 0.021153846153846155 0.021153846153846155
0 0.3817307692307692 0.6822115384615385 0.021153846153846155 0.021153846153846155
