0 0.016346153846153847 0.36923076923076925 0.01201923076923077 0.0125
0 0.30817307692307694 0.5557692307692308 0.01201923076923077 0.013461538461538462
0 0.1778846153846154 0.6798076923076923 0.01201923076923077 0.0125
0 0.20528846153846153 0.1625 0.01201923076923077 0.013942307692307693
0 0.06298076923076923 0.5182692307692308 0.011538461538461539 0.0125
0 0.22884615384615384 0.3548076923076923 0.011538461538461539 0.011057692307692308
0 0.19278846153846155 0.42596153846153845 0.01201923076923077 0.0125
0 0.1889423076923077 0.739423076923077 0.013942307692307693 0.013461538461538462
0 0.028365384615384615 0.7043269230769231 0.011057692307692308 0.01201923076923077
0 0.4423076923076923 0.729326923076923 0.013461538461538462 0.013461538461538462
0 0.35625 0.551923076923077 0.011538461538461539 0.0125
0 0.22403846153846155 0.7216346153846154 0.0125 0.0125
0 0.11875 0.20961538461538462 0.011538461538461539 0.0125
0 0.37451923076923077 0.6091346153846153 0.011057692307692308 0.011538461538461539
0 0.09375 0.5331730769230769 0.01201923076923077 0.01201923076923077
0 0.17067307692307693 0.45913461538461536 0.011538461538461539 0.01201923076923077
0 0.28028846153846154 0.47451923076923075 0.0125 0.016826923076923076
0 0.11778846153846154 0.5524038461538462 0.0125 0.013942307692307693
0 0.3802884615384615 0.02548076923076923 0.0125 0.012980769230769231
0 0.25961538461538464 0.7086538461538462 0.0125 0.01201923076923077
0 0.028365384615384615 0.17451923076923076 0.011538461538461539 0.011538461538461539
0 0.3548076923076923 0.12884615384615383 0.01201923076923077 0.013461538461538462
0 0.15336538461538463 0.5384615384615384 0.011057692307692308 0.011538461538461539
0 0.3283653846153846 0.5182692307692308 0.01201923076923077 0.0125
0 0.12740384615384615 0.7014423076923076 0.011057692307692308 0.01201923076923077
0 0.02980769230769231 0.29278846153846155 0.011538461538461539 0.0125
0 0.2514423076923077 0.475 0.01201923076923077 0.013461538461538462
0 0.15432692307692308 0.5475961538461539 0.011057692307692308 0.011538461538461539
0 0.2610576923076923 0.6923076923076923 0.011538461538461539 0.0125
0 0.18557692307692308 0.3951923076923077 0.011057692307692308 0.0125
0 0.17259615384615384 0.3923076923076923 0.011538461538461539 0.01201923076923077
0 0.07019230769230769 0.6908653846153846 0.011057692307692308 0.011538461538461539
0 0.08701923076923077 0.3471153846153846 0.01201923076923077 0.013461538461538462
0 0.19903846153846153 0.5456730769230769 0.011057692307692308 0.011538461538461539
0 0.26971153846153845 0.49903846153846154 0.011538461538461539 0.011538461538461539
0 0.15144230769230768 0.1264423076923077 0.01971153846153846 0.01971153846153846
