0 0.1625 0.31875 0.01826923076923077 0.017788461538461538
0 0.36490384615384613 0.16634615384615384 0.014903846153846155 0.015384615384615385
0 0.19326923076923078 0.5855769230769231 0.014423076923076924 0.015384615384615385
0 0.22115384615384615 0.4110576923076923 0.013942307692307693 0.014423076923076924
0 0.5870192307692308 0.5572115384615385 0.014423076923076924 0.014903846153846155
0 0.13798076923076924 0.5115384615384615 0.013461538461538462 0.013461538461538462
0 0.31634615384615383 0.7105769230769231 0.013461538461538462 0.013942307692307693
0 0.01730769230769231 0.5158653846153847 0.014903846153846155 0.014903846153846155
0 0.015865384615384615 0.35144230769230766 0.015865384615384615 0.015865384615384615
0 0.1605769230769231 0.5725961538461538 0.013942307692307693 0.014903846153846155
0 0.37259615384615385 0.3485576923076923 0.013942307692307693 0.014903846153846155
0 0.04375 0.8009615384615385 0.013942307692307693 0.014423076923076924
0 0.6639423076923077 0.8139423076923077 0.012980769230769231 0.012980769230769231
0 0.1466346153846154 0.6793269230769231 0.015865384615384615 0.017788461538461538
0 0.3716346153846154 0.5134615384615384 0.012980769230769231 0.013461538461538462
0 0.009615384615384616 0.1201923076923077 0.014903846153846155 0.015384615384615385
0 0.14423076923076922 0.09519230769230769 0.015384615384615385 0.01730769230769231
0 0.05336538461538461 0.5384615384615384 0.013942307692307693 0.014903846153846155
0 0.18461538461538463 0.19471153846153846 0.013461538461538462 0.013461538461538462
0 0.5884615384615385 0.09807692307692308 0.014423076923076924 0.014423076923076924
0 0.43317307692307694 0.21153846153846154 0.012980769230769231 0.016826923076923076
0 0.54375 0.4533653846153846 0.013942307692307693 0.013942307692307693
0 0.06971153846153846 0.5447115384615384 0.011538461538461539 0.01201923076923077
0 0.10480769230769231 0.3764423076923077 0.01875 0.017788461538461538
0 0.58125 0.09038461538461538 0.016346153846153847 0.016346153846153847
0 0.061057692307692306 0.5432692307692307 0.012980769230769231 0.0125
0 0.38461538461538464 0.20288461538461539 0.01201923076923077 0.011538461538461539
0 0.3889423076923077 0.4951923076923077 0.014903846153846155 0.015384615384615385
0 0.6961538461538461 0.7471153846153846 0.012980769230769231 0.0125
0 0.5798076923076924 0.08701923076923077 0.01971153846153846 0.020192307692307693
0 0.4346153846153846 0.7581730769230769 0.01971153846153846 0.020192307692307693
