0 0.6375 0.17307692307692307 0.009615384615384616 0.008173076923076924
0 0.698076923076923 0.07740384615384616 0.010096153846153847 0.019230769230769232
0 0.80625 0.7004807692307692 0.01201923076923077 0.0125
0 0.5139423076923076 0.3451923076923077 0.0125 0.013942307692307693
0 0.7889423076923077 0.021153846153846155 0.0125 0.0125
0 0.09711538461538462 0.6865384615384615 0.01201923076923077 0.01201923076923077
0 0.4254807692307692 0.6706730769230769 0.013461538461538462 0.013461538461538462
0 0.6605769230769231 0.6240384615384615 0.009615384615384616 0.010096153846153847
0 0.44471153846153844 0.575 0.01201923076923077 0.013461538461538462
0 0.6706730769230769 0.014423076923076924 0.01971153846153846 0.019230769230769232
