0 0.6985576923076923 0.6451923076923077 0.012980769230769231 0.013461538461538462
0 0.7360576923076924 0.7677884615384616 0.01201923076923077 0.011538461538461539
0 0.6615384615384615 0.6168269230769231 0.012980769230769231 0.012980769230769231
0 0.4894230769230769 0.926923076923077 0.011538461538461539 0.01201923076923077
0 0.5293269230769231 0.16490384615384615 0.01201923076923077 0.011538461538461539
0 0.44711538461538464 0.4168269230769231 0.0125 0.01201923076923077
0 0.3764423076923077 0.5572115384615385 0.011538461538461539 0.012980769230769231
0 0.09951923076923076 0.6375 0.012980769230769231 0.01201923076923077
0 0.24134615384615385 0.5576923076923077 0.0125 0.014423076923076924
0 0.009134615384615385 0.6870192307692308 0.01201923076923077 0.011538461538461539
0 0.3528846153846154 0.6798076923076923 0.013942307692307693 0.012980769230769231
