0 0.6341346153846154 0.28221153846153846 0.01730769230769231 0.01875
0 0.5802884615384616 0.5793269230769231 0.01730769230769231 0.016826923076923076
0 0.48365384615384616 0.46105769230769234 0.021153846153846155 0.019230769230769232
0 0.6927884615384615 0.34326923076923077 0.016826923076923076 0.017788461538461538
0 0.5802884615384616 0.7447115384615385 0.016346153846153847 0.01730769230769231
0 0.14134615384615384 0.3283653846153846 0.016346153846153847 0.019230769230769232
0 0.4673076923076923 0.30673076923076925 0.016346153846153847 0.017788461538461538
0 0.475 0.45096153846153847 0.015865384615384615 0.016346153846153847
0 0.38509615384615387 0.15336538461538463 0.015865384615384615 0.016826923076923076
0 0.6365384615384615 0.5038461538461538 0.015865384615384615 0.016346153846153847
0 0.5100961538461538 0.49278846153846156 0.014903846153846155 0.015384615384615385
0 0.19134615384615383 0.5177884615384616 0.014903846153846155 0.014423076923076924
0 0.4701923076923077 0.5490384615384616 0.016346153846153847 0.015384615384615385
0 0.28125 0.5697115384615384 0.01971153846153846 0.01971153846153846
0 0.541826923076923 0.7360576923076924 0.01971153846153846 0.01971153846153846
0 0.4403846153846154 0.71875 0.01971153846153846 0.01971153846153846
