0 0.6201923076923077 0.15096153846153845 0.01730769230769231 0.019230769230769232
0 0.6471153846153846 0.5927884615384615 0.016346153846153847 0.015865384615384615
0 0.1346153846153846 0.3451923076923077 0.017788461538461538 0.020673076923076922
0 0.7173076923076923 0.03894230769230769 0.015865384615384615 0.016346153846153847
0 0.6927884615384615 0.06346153846153846 0.016826923076923076 0.017788461538461538
0 0.4201923076923077 0.10576923076923077 0.01826923076923077 0.01971153846153846
0 0.21346153846153845 0.6875 0.015384615384615385 0.015384615384615385
0 0.11057692307692307 0.5052884615384615 0.016826923076923076 0.01826923076923077
0 0.6567307692307692 0.3528846153846154 0.01730769230769231 0.01826923076923077
0 0.48365384615384616 0.18221153846153845 0.015865384615384615 0.016346153846153847
0 0.09182692307692308 0.6831730769230769 0.014903846153846155 0.014423076923076924
0 0.34615384615384615 0.34951923076923075 0.01826923076923077 0.01730769230769231
0 0.5735576923076923 0.7620192307692307 0.016826923076923076 0.016826923076923076
0 0.08125 0.3466346153846154 0.017788461538461538 0.01875
0 0.12403846153846154 0.3072115384615385 0.012980769230769231 0.013942307692307693
0 0.6283653846153846 0.7302884615384615 0.014903846153846155 0.016346153846153847
0 0.16105769230769232 0.6975961538461538 0.016346153846153847 0.01730769230769231
0 0.4514423076923077 0.5548076923076923 0.014903846153846155 0.017788461538461538
0 0.36682692307692305 0.44903846153846155 0.014903846153846155 0.01730769230769231
0 0.15528846153846154 0.70625 0.016346153846153847 0.01730769230769231
