0 0.7629807692307692 0.6423076923076924 0.015384615384615385 0.015384615384615385
0 0.13557692307692307 0.4495192307692308 0.014423076923076924 0.014903846153846155
0 0.09471153846153846 0.6235576923076923 0.013942307692307693 0.014423076923076924
0 0.3245192307692308 0.4947115384615385 0.012980769230769231 0.013461538461538462
0 0.31298076923076923 0.7524038461538461 0.014423076923076924 0.014423076923076924
0 0.26009615384615387 0.5341346153846154 0.013461538461538462 0.013942307692307693
0 0.23221153846153847 0.6322115384615384 0.011057692307692308 0.0125
0 0.5456730769230769 0.48653846153846153 0.014903846153846155 0.015384615384615385
0 0.055288461538461536 0.3836538461538462 0.0125 0.013461538461538462
0 0.13076923076923078 0.40384615384615385 0.0125 0.013461538461538462
0 0.4466346153846154 0.7201923076923077 0.01826923076923077 0.016826923076923076
0 0.6009615384615384 0.7461538461538462 0.01826923076923077 0.019230769230769232
0 0.7855769230769231 0.7528846153846154 0.020192307692307693 0.020192307692307693
0 0.47692307692307695 0.7475961538461539 0.013461538461538462 0.013461538461538462
0 0.6725961538461539 0.6379807692307692 0.014903846153846155 0.014903846153846155
0 0.24807692307692308 0.5889423076923077 0.016346153846153847 0.016826923076923076
0 0.4634615384615385 0.573076923076923 0.020673076923076922 0.020673076923076922
0 0.4889423076923077 0.5423076923076923 0.020673076923076922 0.020673076923076922
0 0.40192307692307694 0.5615384615384615 0.020673076923076922 0.020673076923076922
0 0.3216346153846154 0.5701923076923077 0.020673076923076922 0.020673076923076922
0 0.07884615384615384 0.7447115384615385 0.020673076923076922 0.020673076923076922
0 0.15336538461538463 0.7408653846153846 0.020673076923076922 0.020192307692307693
0 0.2110576923076923 0.7096153846153846 0.020673076923076922 0.020673076923076922
0 0.2528846153846154 0.6673076923076923 0.020673076923076922 0.020673076923076922
0 0.22884615384615384 0.6658653846153846 0.020673076923076922 0.020673076923076922
0 0.29471153846153847 0.6480769230769231 0.020673076923076922 0.020673076923076922
0 0.41201923076923075 0.7144230769230769 0.020673076923076922 0.020673076923076922
0 0.5490384615384616 0.6783653846153846 0.020192307692307693 0.020192307692307693
