0 0.2264423076923077 0.13125 0.015384615384615385 0.015384615384615385
0 0.225 0.7 0.014903846153846155 0.015384615384615385
0 0.5528846153846154 0.37596153846153846 0.014903846153846155 0.014903846153846155
0 0.43509615384615385 0.41394230769230766 0.013461538461538462 0.014423076923076924
0 0.5793269230769231 0.6754807692307693 0.013461538461538462 0.013942307692307693
0 0.6528846153846154 0.7677884615384616 0.013942307692307693 0.014423076923076924
0 0.07548076923076923 0.6096153846153847 0.016826923076923076 0.015865384615384615
0 0.64375 0.2375 0.014903846153846155 0.013942307692307693
0 0.38269230769230766 0.0985576923076923 0.014903846153846155 0.014903846153846155
0 0.4355769230769231 0.4980769230769231 0.014423076923076924 0.014903846153846155
0 0.6961538461538461 0.45625 0.014423076923076924 0.014423076923076924
0 0.29759615384615384 0.4125 0.013461538461538462 0.013942307692307693
0 0.6302884615384615 0.43653846153846154 0.012980769230769231 0.013461538461538462
0 0.6961538461538461 0.1451923076923077 0.014423076923076924 0.014423076923076924
0 0.44903846153846155 0.2966346153846154 0.0125 0.012980769230769231
0 0.035096153846153846 0.22932692307692307 0.014903846153846155 0.014423076923076924
0 0.50625 0.5658653846153846 0.014903846153846155 0.015384615384615385
0 0.6221153846153846 0.2298076923076923 0.016346153846153847 0.015865384615384615
0 0.41346153846153844 0.10528846153846154 0.01730769230769231 0.01730769230769231
