0 0.45048076923076924 0.19951923076923078 0.014903846153846155 0.015865384615384615
0 0.30480769230769234 0.11057692307692307 0.013461538461538462 0.013942307692307693
0 0.27355769230769234 0.30096153846153845 0.013461538461538462 0.013942307692307693
0 0.325 0.5610576923076923 0.015865384615384615 0.01730769230769231
0 0.6927884615384615 0.09230769230769231 0.014903846153846155 0.015384615384615385
0 0.25384615384615383 0.29134615384615387 0.014423076923076924 0.014903846153846155
0 0.4206730769230769 0.20817307692307693 0.014903846153846155 0.015384615384615385
0 0.7269230769230769 0.41778846153846155 0.01201923076923077 0.0125
0 0.5591346153846154 0.03221153846153846 0.01875 0.01875
0 0.04471153846153846 0.12259615384615384 0.01826923076923077 0.01826923076923077
0 0.4947115384615385 0.09711538461538462 0.01875 0.01875
0 0.7649038461538461 0.08461538461538462 0.01875 0.01875
0 0.5086538461538461 0.29423076923076924 0.01826923076923077 0.01875
