0 0.5158653846153847 0.4980769230769231 0.0125 0.013461538461538462
0 0.4831730769230769 0.5317307692307692 0.013942307692307693 0.014423076923076924
0 0.31682692307692306 0.8125 0.013461538461538462 0.013942307692307693
0 0.5384615384615384 0.6975961538461538 0.012980769230769231 0.013461538461538462
0 0.05480769230769231 0.8086538461538462 0.0125 0.012980769230769231
0 0.70625 0.6850961538461539 0.01201923076923077 0.0125
0 0.6538461538461539 0.14759615384615385 0.0125 0.012980769230769231
0 0.19038461538461537 0.5903846153846154 0.011538461538461539 0.01201923076923077
0 0.08798076923076924 0.4798076923076923 0.015865384615384615 0.016346153846153847
0 0.2879807692307692 0.047115384615384615 0.0125 0.013942307692307693
0 0.7634615384615384 0.4548076923076923 0.012980769230769231 0.013461538461538462
0 0.7201923076923077 0.10432692307692308 0.01201923076923077 0.01201923076923077
