0 0.7274038461538461 0.1596153846153846 0.014903846153846155 0.015384615384615385
0 0.21057692307692308 0.5399038461538461 0.013461538461538462 0.013942307692307693
0 0.4201923076923077 0.6004807692307692 0.012980769230769231 0.012980769230769231
0 0.3889423076923077 0.3264423076923077 0.013942307692307693 0.013461538461538462
0 0.5192307692307693 0.6495192307692308 0.013942307692307693 0.013461538461538462
0 0.6504807692307693 0.3125 0.015384615384615385 0.015384615384615385
0 0.24471153846153845 0.6225961538461539 0.015865384615384615 0.015384615384615385
0 0.6365384615384615 0.7259615384615384 0.013461538461538462 0.013942307692307693
0 0.1346153846153846 0.6336538461538461 0.0125 0.012980769230769231
0 0.2625 0.5644230769230769 0.01201923076923077 0.012980769230769231
0 0.12548076923076923 0.18365384615384617 0.0125 0.0125
0 0.28125 0.4576923076923077 0.014423076923076924 0.014903846153846155
0 0.6153846153846154 0.20384615384615384 0.013942307692307693 0.014423076923076924
0 0.6509615384615385 0.22067307692307692 0.0125 0.0125
0 0.09326923076923077 0.6182692307692308 0.0125 0.012980769230769231
0 0.06971153846153846 0.4519230769230769 0.01730769230769231 0.016826923076923076
0 0.24423076923076922 0.5740384615384615 0.01201923076923077 0.0125
0 0.023076923076923078 0.6894230769230769 0.015384615384615385 0.014903846153846155
0 0.2567307692307692 0.08125 0.0125 0.012980769230769231
0 0.19375 0.3317307692307692 0.013942307692307693 0.014423076923076924
0 0.14903846153846154 0.5514423076923077 0.013942307692307693 0.013942307692307693
0 0.23653846153846153 0.5783653846153847 0.014903846153846155 0.015384615384615385
0 0.22259615384615383 0.010096153846153847 0.014423076923076924 0.014423076923076924
0 0.6293269230769231 0.23798076923076922 0.011057692307692308 0.01201923076923077
0 0.6923076923076923 0.5923076923076923 0.015384615384615385 0.015384615384615385
0 0.2076923076923077 0.5485576923076924 0.012980769230769231 0.012980769230769231
