0 0.027884615384615386 0.12403846153846154 0.009615384615384616 0.009615384615384616
0 0.2745192307692308 0.26490384615384616 0.012980769230769231 0.01201923076923077
0 0.46634615384615385 0.3942307692307692 0.014903846153846155 0.013942307692307693
0 0.41442307692307695 0.10048076923076923 0.012980769230769231 0.012980769230769231
0 0.15817307692307692 0.15625 0.013461538461538462 0.012980769230769231
0 0.24086538461538462 0.4173076923076923 0.013942307692307693 0.013461538461538462
0 0.10576923076923077 0.7543269230769231 0.00625 0.0038461538461538464
0 0.49759615384615385 0.1764423076923077 0.011057692307692308 0.01201923076923077
0 0.08653846153846154 0.64375 0.014423076923076924 0.014423076923076924
0 0.5120192307692307 0.6389423076923076 0.005288461538461539 0.00625
0 0.3177884615384615 0.10721153846153846 0.010576923076923078 0.01201923076923077
0 0.33605769230769234 0.5370192307692307 0.00625 0.006730769230769231
0 0.5966346153846154 0.5995192307692307 0.010096153846153847 0.01201923076923077
0 0.5341346153846154 0.7798076923076923 0.011057692307692308 0.013461538461538462
