0 0.5533653846153846 0.4461538461538462 0.01201923076923077 0.012980769230769231
0 0.29471153846153847 0.19326923076923078 0.009615384615384616 0.012980769230769231
0 0.5653846153846154 0.11490384615384615 0.012980769230769231 0.012980769230769231
0 0.5014423076923077 0.31682692307692306 0.008653846153846154 0.011057692307692308
0 0.4879807692307692 0.4014423076923077 0.009134615384615385 0.007211538461538462
0 0.2793269230769231 0.41346153846153844 0.0125 0.012980769230769231
0 0.5 0.43653846153846154 0.0125 0.013942307692307693
0 0.58125 0.30288461538461536 0.009615384615384616 0.008173076923076924
0 0.46634615384615385 0.7024038461538461 0.009615384615384616 0.007692307692307693
0 0.1841346153846154 0.6096153846153847 0.013942307692307693 0.012980769230769231
