0 0.1985576923076923 0.7793269230769231 0.009615384615384616 0.009134615384615385
0 0.46634615384615385 0.8841346153846154 0.011057692307692308 0.011538461538461539
0 0.6307692307692307 0.44182692307692306 0.011057692307692308 0.01201923076923077
0 0.7197115384615385 0.5692307692307692 0.011057692307692308 0.010576923076923078
0 0.22451923076923078 0.5653846153846154 0.009134615384615385 0.009134615384615385
0 0.020192307692307693 0.6783653846153846 0.009615384615384616 0.010096153846153847
0 0.05384615384615385 0.38798076923076924 0.011057692307692308 0.011538461538461539
0 0.6975961538461538 0.8423076923076923 0.009615384615384616 0.010096153846153847
0 0.6798076923076923 0.23413461538461539 0.010096153846153847 0.010576923076923078
0 0.42451923076923076 0.6346153846153846 0.010096153846153847 0.011057692307692308
0 0.2759615384615385 0.3956730769230769 0.010576923076923078 0.011538461538461539
0 0.5668269230769231 0.6480769230769231 0.010096153846153847 0.010096153846153847
0 0.7 0.5475961538461539 0.010096153846153847 0.010576923076923078
0 0.015865384615384615 0.6399038461538461 0.014903846153846155 0.014423076923076924
0 0.44375 0.7052884615384616 0.011057692307692308 0.011057692307692308
0 0.5581730769230769 0.5966346153846154 0.010576923076923078 0.011057692307692308
0 0.38653846153846155 0.6033653846153846 0.011538461538461539 0.011538461538461539
0 0.7019230769230769 0.15576923076923077 0.009134615384615385 0.009134615384615385
0 0.28557692307692306 0.8745192307692308 0.011057692307692308 0.011538461538461539
0 0.6067307692307692 0.5875 0.010576923076923078 0.011538461538461539
0 0.12163461538461538 0.6298076923076923 0.011057692307692308 0.010096153846153847
0 0.39134615384615384 0.2725961538461538 0.01201923076923077 0.011538461538461539
0 0.4658653846153846 0.6004807692307692 0.010576923076923078 0.011057692307692308
0 0.40528846153846154 0.6884615384615385 0.010576923076923078 0.010096153846153847
0 0.5254807692307693 0.5177884615384616 0.010096153846153847 0.009615384615384616
0 0.46490384615384617 0.68125 0.011538461538461539 0.011057692307692308
0 0.6278846153846154 0.6798076923076923 0.011538461538461539 0.0125
0 0.5682692307692307 0.63125 0.012980769230769231 0.014423076923076924
0 0.5403846153846154 0.33557692307692305 0.010096153846153847 0.010576923076923078
0 0.6019230769230769 0.6663461538461538 0.010096153846153847 0.010576923076923078
0 0.35336538461538464 0.5341346153846154 0.009615384615384616 0.009615384615384616
0 0.35 0.6379807692307692 0.010576923076923078 0.011538461538461539
0 0.4947115384615385 0.71875 0.009615384615384616 0.010096153846153847
0 0.7528846153846154 0.6716346153846153 0.010576923076923078 0.010576923076923078
0 0.49903846153846154 0.5639423076923077 0.010576923076923078 0.011057692307692308
0 0.36346153846153845 0.5605769230769231 0.010576923076923078 0.011057692307692308
0 0.7995192307692308 0.6721153846153847 0.011057692307692308 0.01201923076923077
0 0.7903846153846154 0.6471153846153846 0.010576923076923078 0.01201923076923077
0 0.20576923076923076 0.7860576923076923 0.0125 0.011057692307692308
