0 0.6451923076923077 0.6855769230769231 0.016346153846153847 0.014903846153846155
0 0.1831730769230769 0.39326923076923076 0.022596153846153846 0.01875
0 0.5745192307692307 0.7966346153846153 0.01730769230769231 0.01730769230769231
0 0.02548076923076923 0.37451923076923077 0.015865384615384615 0.016826923076923076
0 0.09230769230769231 0.6360576923076923 0.016346153846153847 0.01730769230769231
0 0.31490384615384615 0.41201923076923075 0.01730769230769231 0.015865384615384615
0 0.10865384615384616 0.11826923076923077 0.015865384615384615 0.016346153846153847
0 0.41394230769230766 0.6798076923076923 0.01730769230769231 0.01826923076923077
0 0.2014423076923077 0.027403846153846154 0.016826923076923076 0.01730769230769231
0 0.6336538461538461 0.5658653846153846 0.014423076923076924 0.014903846153846155
0 0.5403846153846154 0.50625 0.01730769230769231 0.016346153846153847
0 0.5649038461538461 0.4254807692307692 0.015865384615384615 0.014903846153846155
0 0.2423076923076923 0.11009615384615384 0.016346153846153847 0.016826923076923076
0 0.04375 0.80625 0.01875 0.020673076923076922
0 0.6033653846153846 0.5533653846153846 0.01875 0.01875
