0 0.2389423076923077 0.3014423076923077 0.010576923076923078 0.011057692307692308
0 0.08942307692307692 0.6254807692307692 0.010096153846153847 0.011057692307692308
0 0.7831730769230769 0.41009615384615383 0.010576923076923078 0.010096153846153847
0 0.41009615384615383 0.35673076923076924 0.010576923076923078 0.011057692307692308
0 0.5288461538461539 0.7216346153846154 0.01201923076923077 0.0125
0 0.48653846153846153 0.34326923076923077 0.010576923076923078 0.011057692307692308
0 0.6177884615384616 0.51875 0.009615384615384616 0.010096153846153847
0 0.8552884615384615 0.1201923076923077 0.010576923076923078 0.010576923076923078
0 0.6480769230769231 0.6951923076923077 0.009615384615384616 0.010576923076923078
0 0.43701923076923077 0.43317307692307694 0.011538461538461539 0.011538461538461539
0 0.8701923076923077 0.7509615384615385 0.010576923076923078 0.011538461538461539
0 0.6870192307692308 0.7139423076923077 0.011057692307692308 0.011057692307692308
0 0.06538461538461539 0.7538461538461538 0.011538461538461539 0.01201923076923077
0 0.8336538461538462 0.7995192307692308 0.010576923076923078 0.011057692307692308
0 0.6913461538461538 0.6509615384615385 0.011057692307692308 0.01201923076923077
0 0.2423076923076923 0.7038461538461539 0.011057692307692308 0.011538461538461539
0 0.7288461538461538 0.4831730769230769 0.010576923076923078 0.011057692307692308
0 0.37067307692307694 0.6120192307692308 0.011538461538461539 0.01201923076923077
0 0.37115384615384617 0.46490384615384617 0.009615384615384616 0.010096153846153847
0 0.03894230769230769 0.4168269230769231 0.0125 0.0125
0 0.7134615384615385 0.6730769230769231 0.010096153846153847 0.011057692307692308
0 0.7163461538461539 0.46875 0.011057692307692308 0.011057692307692308
0 0.5038461538461538 0.6110576923076924 0.010096153846153847 0.010576923076923078
0 0.6947115384615384 0.4971153846153846 0.010576923076923078 0.011057692307692308
0 0.49182692307692305 0.7442307692307693 0.011057692307692308 0.011538461538461539
0 0.8927884615384616 0.5341346153846154 0.010096153846153847 0.010576923076923078
0 0.5216346153846154 0.4894230769230769 0.011538461538461539 0.012980769230769231
0 0.7105769230769231 0.4778846153846154 0.011538461538461539 0.011538461538461539
0 0.5471153846153847 0.7091346153846154 0.021153846153846155 0.021153846153846155
