0 0.8802884615384615 0.6158653846153846 0.014423076923076924 0.013942307692307693
0 0.16490384615384615 0.1605769230769231 0.013942307692307693 0.014903846153846155
0 0.4567307692307692 0.2778846153846154 0.012980769230769231 0.013461538461538462
0 0.5490384615384616 0.05144230769230769 0.012980769230769231 0.013461538461538462
0 0.37548076923076923 0.3346153846153846 0.0125 0.0125
0 0.7302884615384615 0.37403846153846154 0.016346153846153847 0.014903846153846155
0 0.3105769230769231 0.07740384615384616 0.013461538461538462 0.014423076923076924
0 0.7375 0.4288461538461538 0.014423076923076924 0.014903846153846155
0 0.5783653846153847 0.19615384615384615 0.01201923076923077 0.0125
0 0.6259615384615385 0.30817307692307694 0.0125 0.012980769230769231
0 0.5783653846153847 0.16971153846153847 0.013942307692307693 0.015384615384615385
0 0.3942307692307692 0.10961538461538461 0.013942307692307693 0.013942307692307693
0 0.3283653846153846 0.025 0.013461538461538462 0.013942307692307693
0 0.18221153846153845 0.2653846153846154 0.016346153846153847 0.015865384615384615
