0 0.19278846153846155 0.3524038461538462 0.016346153846153847 0.016346153846153847
0 0.37403846153846154 0.11298076923076923 0.015865384615384615 0.015865384615384615
0 0.17451923076923076 0.11298076923076923 0.013942307692307693 0.014423076923076924
0 0.8120192307692308 0.15817307692307692 0.014903846153846155 0.015384615384615385
0 0.6745192307692308 0.07355769230769231 0.014423076923076924 0.014903846153846155
0 0.7480769230769231 0.19951923076923078 0.013461538461538462 0.013942307692307693
0 0.3370192307692308 0.4798076923076923 0.014903846153846155 0.014903846153846155
0 0.7403846153846154 0.27115384615384613 0.016826923076923076 0.016826923076923076
0 0.6485576923076923 0.021634615384615384 0.012980769230769231 0.013461538461538462
0 0.10865384615384616 0.1831730769230769 0.013461538461538462 0.014423076923076924
0 0.041346153846153845 0.26778846153846153 0.014423076923076924 0.014423076923076924
0 0.36923076923076925 0.07884615384615384 0.014903846153846155 0.015865384615384615
0 0.8307692307692308 0.6942307692307692 0.014423076923076924 0.014423076923076924
0 0.7875 0.35 0.014423076923076924 0.014903846153846155
0 0.8350961538461539 0.1889423076923077 0.013461538461538462 0.013942307692307693
0 0.7947115384615384 0.30096153846153845 0.01201923076923077 0.010576923076923078
0 0.7043269230769231 0.31971153846153844 0.012980769230769231 0.012980769230769231
0 0.19471153846153846 0.4149038461538462 0.015865384615384615 0.015384615384615385
0 0.10384615384615385 0.4913461538461538 0.013942307692307693 0.014423076923076924
0 0.8264423076923076 0.32067307692307695 0.013461538461538462 0.0125
0 0.7105769230769231 0.40625 0.015865384615384615 0.015865384615384615
0 0.7423076923076923 0.08461538461538462 0.013461538461538462 0.013942307692307693
0 0.6802884615384616 0.5197115384615385 0.013461538461538462 0.013461538461538462
0 0.5086538461538461 0.20336538461538461 0.015865384615384615 0.016826923076923076
0 0.7461538461538462 0.25817307692307695 0.016346153846153847 0.016346153846153847
