0 0.6072115384615384 0.12451923076923077 0.0125 0.01201923076923077
0 0.30528846153846156 0.6048076923076923 0.011538461538461539 0.0125
0 0.7278846153846154 0.6581730769230769 0.013461538461538462 0.013942307692307693
0 0.5817307692307693 0.7134615384615385 0.011538461538461539 0.0125
0 0.5326923076923077 0.6817307692307693 0.011538461538461539 0.01201923076923077
0 0.45096153846153847 0.6004807692307692 0.011538461538461539 0.01201923076923077
0 0.475 0.6480769230769231 0.01201923076923077 0.012980769230769231
0 0.5903846153846154 0.6798076923076923 0.009615384615384616 0.010576923076923078
0 0.5129807692307692 0.1293269230769231 0.013942307692307693 0.013942307692307693
0 0.5610576923076923 0.5745192307692307 0.010576923076923078 0.011057692307692308
0 0.7235576923076923 0.6961538461538461 0.0125 0.0125
0 0.7850961538461538 0.6956730769230769 0.011057692307692308 0.01201923076923077
0 0.7716346153846154 0.7822115384615385 0.011538461538461539 0.01201923076923077
0 0.3091346153846154 0.6004807692307692 0.002403846153846154 0.010576923076923078
0 0.7793269230769231 0.6365384615384615 0.01201923076923077 0.012980769230769231
0 0.6168269230769231 0.7115384615384616 0.011538461538461539 0.011538461538461539
0 0.17211538461538461 0.5644230769230769 0.011057692307692308 0.011538461538461539
0 0.7778846153846154 0.7870192307692307 0.011538461538461539 0.0125
0 0.3144230769230769 0.6033653846153846 0.011057692307692308 0.011057692307692308
