0 0.41875 0.6120192307692308 0.01826923076923077 0.020673076923076922
0 0.27740384615384617 0.39471153846153845 0.015865384615384615 0.01875
0 0.03701923076923077 0.8533653846153846 0.015384615384615385 0.016346153846153847
0 0.7572115384615384 0.20240384615384616 0.014423076923076924 0.014423076923076924
0 0.65625 0.5740384615384615 0.014903846153846155 0.015384615384615385
0 0.5721153846153846 0.19615384615384615 0.012980769230769231 0.013461538461538462
0 0.48509615384615384 0.47451923076923075 0.013461538461538462 0.014423076923076924
0 0.7168269230769231 0.1423076923076923 0.013942307692307693 0.017788461538461538
0 0.5427884615384615 0.22596153846153846 0.013942307692307693 0.013942307692307693
0 0.25625 0.20673076923076922 0.012980769230769231 0.014903846153846155
0 0.2360576923076923 0.6129807692307693 0.015384615384615385 0.014903846153846155
