0 0.7855769230769231 0.44182692307692306 0.013461538461538462 0.013942307692307693
0 0.5048076923076923 0.35144230769230766 0.014903846153846155 0.015384615384615385
0 0.22115384615384615 0.6524038461538462 0.014903846153846155 0.015384615384615385
0 0.5028846153846154 0.26634615384615384 0.014903846153846155 0.015384615384615385
0 0.41394230769230766 0.5057692307692307 0.014903846153846155 0.015384615384615385
0 0.225 0.5427884615384615 0.014903846153846155 0.015384615384615385
0 0.1389423076923077 0.4043269230769231 0.015384615384615385 0.016346153846153847
0 0.04278846153846154 0.7307692307692307 0.015384615384615385 0.014903846153846155
0 0.46826923076923077 0.7173076923076923 0.0125 0.013461538461538462
0 0.7894230769230769 0.6543269230769231 0.015384615384615385 0.016346153846153847
0 0.7336538461538461 0.6841346153846154 0.013942307692307693 0.014423076923076924
0 0.35865384615384616 0.12788461538461537 0.015384615384615385 0.015865384615384615
0 0.1918269230769231 0.5716346153846154 0.013942307692307693 0.015384615384615385
0 0.6677884615384615 0.7004807692307692 0.013942307692307693 0.014423076923076924
0 0.5653846153846154 0.2423076923076923 0.013461538461538462 0.013942307692307693
0 0.2014423076923077 0.7817307692307692 0.013461538461538462 0.013942307692307693
0 0.4033653846153846 0.47836538461538464 0.015865384615384615 0.015865384615384615
0 0.6841346153846154 0.8235576923076923 0.014903846153846155 0.014903846153846155
0 0.19423076923076923 0.6259615384615385 0.015384615384615385 0.015384615384615385
0 0.6298076923076923 0.5259615384615385 0.013942307692307693 0.013942307692307693
0 0.36875 0.7168269230769231 0.0125 0.0125
0 0.6293269230769231 0.6860576923076923 0.013461538461538462 0.013461538461538462
0 0.6360576923076923 0.3875 0.014423076923076924 0.014903846153846155
0 0.8288461538461539 0.47884615384615387 0.014903846153846155 0.014903846153846155
0 0.8235576923076923 0.75625 0.013942307692307693 0.014423076923076924
0 0.8293269230769231 0.11346153846153846 0.0125 0.012980769230769231
0 0.3682692307692308 0.7480769230769231 0.014423076923076924 0.014903846153846155
0 0.8153846153846154 0.7413461538461539 0.013461538461538462 0.014423076923076924
0 0.7552884615384615 0.53125 0.013461538461538462 0.013461538461538462
0 0.3971153846153846 0.7197115384615385 0.016346153846153847 0.016346153846153847
0 0.8057692307692308 0.7625 0.013942307692307693 0.013461538461538462
0 0.5841346153846154 0.5350961538461538 0.0125 0.013461538461538462
0 0.8298076923076924 0.4740384615384615 0.0019230769230769232 0.011538461538461539
0 0.63125 0.7572115384615384 0.012980769230769231 0.013942307692307693
0 0.20096153846153847 0.6264423076923077 0.008653846153846154 0.008173076923076924
0 0.19807692307692307 0.5745192307692307 0.0019230769230769232 0.008653846153846154
