0 0.24086538461538462 0.5543269230769231 0.011538461538461539 0.01201923076923077
0 0.7038461538461539 0.5538461538461539 0.012980769230769231 0.013461538461538462
0 0.5269230769230769 0.6302884615384615 0.013461538461538462 0.0125
0 0.6014423076923077 0.06586538461538462 0.0125 0.01201923076923077
0 0.2201923076923077 0.041346153846153845 0.010576923076923078 0.011057692307692308
0 0.551923076923077 0.010096153846153847 0.012980769230769231 0.011538461538461539
0 0.3610576923076923 0.30240384615384613 0.012980769230769231 0.0125
0 0.5153846153846153 0.07692307692307693 0.013461538461538462 0.01201923076923077
0 0.5817307692307693 0.6225961538461539 0.014423076923076924 0.013461538461538462
0 0.44326923076923075 0.20432692307692307 0.01201923076923077 0.013461538461538462
0 0.5735576923076923 0.17307692307692307 0.013461538461538462 0.015384615384615385
0 0.09711538461538462 0.1360576923076923 0.012980769230769231 0.013942307692307693
