0 0.06826923076923076 0.16201923076923078 0.015384615384615385 0.015865384615384615
0 0.4048076923076923 0.03798076923076923 0.014423076923076924 0.014903846153846155
0 0.2798076923076923 0.3576923076923077 0.015384615384615385 0.015865384615384615
0 0.027884615384615386 0.6432692307692308 0.014903846153846155 0.015865384615384615
0 0.3216346153846154 0.5370192307692307 0.016346153846153847 0.016826923076923076
0 0.26971153846153845 0.18557692307692308 0.014903846153846155 0.014903846153846155
0 0.29615384615384616 0.03076923076923077 0.014423076923076924 0.014903846153846155
0 0.041826923076923074 0.075 0.015865384615384615 0.016346153846153847
0 0.13846153846153847 0.03317307692307692 0.013461538461538462 0.013942307692307693
0 0.05096153846153846 0.8081730769230769 0.014423076923076924 0.014903846153846155
0 0.18846153846153846 0.28846153846153844 0.015384615384615385 0.015865384615384615
0 0.07259615384615385 0.41923076923076924 0.013461538461538462 0.013461538461538462
0 0.3644230769230769 0.7668269230769231 0.013942307692307693 0.014423076923076924
0 0.22788461538461538 0.1860576923076923 0.013942307692307693 0.014423076923076924
0 0.20096153846153847 0.06490384615384616 0.013942307692307693 0.013461538461538462
0 0.4235576923076923 0.5350961538461538 0.013942307692307693 0.014423076923076924
0 0.2048076923076923 0.2899038461538462 0.014423076923076924 0.015384615384615385
0 0.23798076923076922 0.53125 0.014903846153846155 0.015384615384615385
0 0.13076923076923078 0.6230769230769231 0.016346153846153847 0.016346153846153847
0 0.0125 0.6091346153846153 0.014423076923076924 0.015384615384615385
0 0.2264423076923077 0.5649038461538461 0.0125 0.0125
0 0.2899038461538462 0.8274038461538461 0.012980769230769231 0.012980769230769231
0 0.32740384615384616 0.5341346153846154 0.021153846153846155 0.021153846153846155
0 0.13221153846153846 0.6076923076923076 0.020673076923076922 0.020673076923076922
