0 0.11923076923076924 0.29423076923076924 0.015384615384615385 0.016826923076923076
0 0.8043269230769231 0.44711538461538464 0.017788461538461538 0.017788461538461538
0 0.8024038461538462 0.225 0.016346153846153847 0.016346153846153847
0 0.09519230769230769 0.09711538461538462 0.013942307692307693 0.013942307692307693
0 0.5028846153846154 0.38798076923076924 0.016346153846153847 0.016346153846153847
0 0.24759615384615385 0.3216346153846154 0.013942307692307693 0.013942307692307693
0 0.07692307692307693 0.325 0.014903846153846155 0.015384615384615385
0 0.08413461538461539 0.22692307692307692 0.015384615384615385 0.015865384615384615
0 0.3466346153846154 0.4639423076923077 0.014903846153846155 0.014903846153846155
0 0.7634615384615384 0.5067307692307692 0.01826923076923077 0.016826923076923076
0 0.4543269230769231 0.46826923076923077 0.015384615384615385 0.016346153846153847
0 0.3701923076923077 0.37115384615384617 0.015384615384615385 0.016826923076923076
0 0.22932692307692307 0.29423076923076924 0.015384615384615385 0.016346153846153847
0 0.2567307692307692 0.3735576923076923 0.01201923076923077 0.012980769230769231
0 0.2423076923076923 0.35192307692307695 0.014423076923076924 0.014903846153846155
0 0.1860576923076923 0.26875 0.015384615384615385 0.016346153846153847
0 0.12692307692307692 0.5918269230769231 0.013942307692307693 0.014423076923076924
