0 0.5153846153846153 0.6201923076923077 0.0125 0.0125
0 0.6548076923076923 0.2668269230769231 0.013942307692307693 0.014423076923076924
0 0.34951923076923075 0.3735576923076923 0.012980769230769231 0.012980769230769231
0 0.4254807692307692 0.2721153846153846 0.013942307692307693 0.013461538461538462
0 0.3485576923076923 0.01875 0.013942307692307693 0.014423076923076924
0 0.3543269230769231 0.5528846153846154 0.0125 0.012980769230769231
0 0.2658653846153846 0.7778846153846154 0.010096153846153847 0.010096153846153847
0 0.5153846153846153 0.6745192307692308 0.011538461538461539 0.01201923076923077
0 0.03076923076923077 0.3173076923076923 0.013942307692307693 0.014903846153846155
0 0.10817307692307693 0.25048076923076923 0.0125 0.011538461538461539
0 0.3423076923076923 0.5384615384615384 0.01201923076923077 0.01201923076923077
0 0.19038461538461537 0.7519230769230769 0.01201923076923077 0.012980769230769231
0 0.04903846153846154 0.31682692307692306 0.0125 0.013942307692307693
0 0.1 0.37067307692307694 0.015865384615384615 0.015865384615384615
0 0.10673076923076923 0.35384615384615387 0.012980769230769231 0.012980769230769231
0 0.2625 0.0625 0.0125 0.013461538461538462
0 0.45528846153846153 0.40721153846153846 0.013942307692307693 0.014423076923076924
0 0.5384615384615384 0.3389423076923077 0.01201923076923077 0.0125
0 0.21923076923076923 0.24615384615384617 0.013461538461538462 0.013461538461538462
0 0.04855769230769231 0.5533653846153846 0.0125 0.012980769230769231
0 0.3230769230769231 0.13221153846153846 0.013461538461538462 0.013942307692307693
0 0.12740384615384615 0.5254807692307693 0.01201923076923077 0.0125
0 0.425 0.2846153846153846 0.0125 0.009615384615384616
0 0.06153846153846154 0.05384615384615385 0.020192307692307693 0.020192307692307693
