0 0.23076923076923078 0.05673076923076923 0.016346153846153847 0.017788461538461538
0 0.33076923076923076 0.6365384615384615 0.014423076923076924 0.015384615384615385
0 0.40240384615384617 0.5192307692307693 0.015384615384615385 0.015865384615384615
0 0.5658653846153846 0.04278846153846154 0.015384615384615385 0.016346153846153847
0 0.04471153846153846 0.09230769230769231 0.015384615384615385 0.017788461538461538
0 0.4480769230769231 0.06153846153846154 0.016346153846153847 0.016826923076923076
0 0.29423076923076924 0.6173076923076923 0.015865384615384615 0.014903846153846155
0 0.0875 0.16009615384615383 0.016346153846153847 0.016346153846153847
0 0.5389423076923077 0.10721153846153846 0.016826923076923076 0.016346153846153847
0 0.18221153846153845 0.3524038461538462 0.016346153846153847 0.016346153846153847
0 0.8682692307692308 0.11875 0.015865384615384615 0.015384615384615385
0 0.8418269230769231 0.6259615384615385 0.01730769230769231 0.015865384615384615
0 0.64375 0.5504807692307693 0.01730769230769231 0.01875
0 0.3908653846153846 0.11394230769230769 0.016826923076923076 0.019230769230769232
0 0.25769230769230766 0.08653846153846154 0.01730769230769231 0.016826923076923076
0 0.11538461538461539 0.10480769230769231 0.016826923076923076 0.015865384615384615
0 0.6139423076923077 0.09038461538461538 0.016346153846153847 0.016346153846153847
0 0.13028846153846155 0.11346153846153846 0.015865384615384615 0.016826923076923076
0 0.31971153846153844 0.20721153846153847 0.020673076923076922 0.020673076923076922
0 0.40192307692307694 0.5778846153846153 0.020673076923076922 0.020673076923076922
