0 0.3870192307692308 0.6495192307692308 0.009134615384615385 0.009615384615384616
0 0.22932692307692307 0.3346153846153846 0.011057692307692308 0.011538461538461539
0 0.3105769230769231 0.6495192307692308 0.010096153846153847 0.010096153846153847
0 0.8115384615384615 0.5649038461538461 0.010096153846153847 0.010576923076923078
0 0.2173076923076923 0.0798076923076923 0.011057692307692308 0.009615384615384616
0 0.7778846153846154 0.39278846153846153 0.010576923076923078 0.010576923076923078
0 0.7625 0.5725961538461538 0.011057692307692308 0.011538461538461539
0 0.8365384615384616 0.14615384615384616 0.009615384615384616 0.009615384615384616
0 0.475 0.10721153846153846 0.011057692307692308 0.011538461538461539
0 0.5884615384615385 0.03990384615384615 0.011538461538461539 0.01201923076923077
0 0.5548076923076923 0.18942307692307692 0.010576923076923078 0.010576923076923078
0 0.8302884615384616 0.06201923076923077 0.011538461538461539 0.01201923076923077
0 0.625 0.14134615384615384 0.011057692307692308 0.011538461538461539
0 0.823076923076923 0.4048076923076923 0.010096153846153847 0.010576923076923078
0 0.8384615384615385 0.48846153846153845 0.010096153846153847 0.010576923076923078
0 0.3317307692307692 0.31009615384615385 0.010576923076923078 0.011057692307692308
0 0.24759615384615385 0.011057692307692308 0.011057692307692308 0.011057692307692308
0 0.6692307692307692 0.24134615384615385 0.010096153846153847 0.011057692307692308
0 0.18269230769230768 0.4706730769230769 0.010576923076923078 0.011538461538461539
0 0.23173076923076924 0.28076923076923077 0.013942307692307693 0.014423076923076924
0 0.31875 0.04903846153846154 0.011057692307692308 0.011057692307692308
0 0.6379807692307692 0.41201923076923075 0.009615384615384616 0.010096153846153847
0 0.5778846153846153 0.27403846153846156 0.010096153846153847 0.009615384615384616
0 0.6216346153846154 0.4149038461538462 0.0125 0.012980769230769231
0 0.2793269230769231 0.10721153846153846 0.01201923076923077 0.0125
0 0.53125 0.36923076923076925 0.009134615384615385 0.009615384615384616
0 0.6432692307692308 0.4706730769230769 0.01201923076923077 0.0125
0 0.16682692307692307 0.5860576923076923 0.009615384615384616 0.009615384615384616
0 0.29134615384615387 0.21923076923076923 0.01201923076923077 0.0125
0 0.29134615384615387 0.28846153846153844 0.011057692307692308 0.011538461538461539
0 0.6432692307692308 0.24807692307692308 0.011538461538461539 0.011538461538461539
0 0.8634615384615385 0.5807692307692308 0.012980769230769231 0.0125
0 0.2153846153846154 0.6423076923076924 0.010576923076923078 0.010096153846153847
0 0.30625 0.3875 0.009615384615384616 0.010096153846153847
0 0.8706730769230769 0.4985576923076923 0.011538461538461539 0.011538461538461539
0 0.6350961538461538 0.4423076923076923 0.013942307692307693 0.012980769230769231
0 0.32548076923076924 0.19663461538461538 0.013942307692307693 0.014423076923076924
0 0.17211538461538461 0.2125 0.01826923076923077 0.01826923076923077
