0 0.7980769230769231 0.6740384615384616 0.010576923076923078 0.011057692307692308
0 0.53125 0.801923076923077 0.011057692307692308 0.011538461538461539
0 0.07548076923076923 0.38653846153846155 0.011538461538461539 0.011538461538461539
0 0.8701923076923077 0.8211538461538461 0.01201923076923077 0.011538461538461539
0 0.4658653846153846 0.6889423076923077 0.011538461538461539 0.010576923076923078
0 0.5879807692307693 0.8254807692307692 0.011538461538461539 0.01201923076923077
0 0.5221153846153846 0.6798076923076923 0.01201923076923077 0.013461538461538462
0 0.8634615384615385 0.8548076923076923 0.0125 0.01201923076923077
0 0.5038461538461538 0.2923076923076923 0.011538461538461539 0.012980769230769231
0 0.3875 0.1625 0.0125 0.013942307692307693
0 0.6100961538461539 0.4879807692307692 0.010576923076923078 0.011538461538461539
0 0.7875 0.08557692307692308 0.012980769230769231 0.011538461538461539
0 0.45240384615384616 0.7346153846153847 0.01201923076923077 0.011538461538461539
0 0.6336538461538461 0.85625 0.013461538461538462 0.013461538461538462
0 0.7120192307692308 0.3894230769230769 0.011538461538461539 0.0125
0 0.44711538461538464 0.7567307692307692 0.01201923076923077 0.012980769230769231
0 0.39375 0.19759615384615384 0.01201923076923077 0.01201923076923077
0 0.4721153846153846 0.3644230769230769 0.011057692307692308 0.012980769230769231
0 0.7850961538461538 0.5745192307692307 0.011538461538461539 0.01201923076923077
0 0.6942307692307692 0.075 0.012980769230769231 0.01201923076923077
0 0.7802884615384615 0.25240384615384615 0.006730769230769231 0.006730769230769231
0 0.5677884615384615 0.055288461538461536 0.013942307692307693 0.013461538461538462
0 0.5884615384615385 0.5110576923076923 0.012980769230769231 0.012980769230769231
0 0.0625 0.3581730769230769 0.013942307692307693 0.013942307692307693
0 0.4879807692307692 0.7783653846153846 0.011538461538461539 0.012980769230769231
0 0.6677884615384615 0.8264423076923076 0.011057692307692308 0.011538461538461539
0 0.4913461538461538 0.7572115384615384 0.0125 0.011538461538461539
0 0.5548076923076923 0.7725961538461539 0.013942307692307693 0.013942307692307693
0 0.6480769230769231 0.4461538461538462 0.013942307692307693 0.0125
0 0.6759615384615385 0.5240384615384616 0.013942307692307693 0.0125
0 0.6495192307692308 0.5634615384615385 0.013461538461538462 0.0125
