0 0.6793269230769231 0.7625 0.015865384615384615 0.015384615384615385
0 0.5394230769230769 0.18365384615384617 0.015384615384615385 0.016826923076923076
0 0.6956730769230769 0.3264423076923077 0.013942307692307693 0.014423076923076924
0 0.635576923076923 0.07596153846153846 0.015865384615384615 0.014903846153846155
0 0.30673076923076925 0.6947115384615384 0.015384615384615385 0.015865384615384615
0 0.6076923076923076 0.18125 0.014903846153846155 0.015865384615384615
0 0.2793269230769231 0.10384615384615385 0.014423076923076924 0.014423076923076924
0 0.6086538461538461 0.5884615384615385 0.013461538461538462 0.013942307692307693
0 0.46490384615384617 0.11923076923076924 0.01201923076923077 0.012980769230769231
0 0.66875 0.29134615384615387 0.022596153846153846 0.022115384615384617
