0 0.10336538461538461 0.38221153846153844 0.015384615384615385 0.015865384615384615
0 0.23990384615384616 0.2841346153846154 0.016346153846153847 0.01730769230769231
0 0.4533653846153846 0.13125 0.014903846153846155 0.015384615384615385
0 0.8221153846153846 0.6057692307692307 0.016346153846153847 0.015865384615384615
0 0.35625 0.5004807692307692 0.015865384615384615 0.01730769230769231
0 0.4427884615384615 0.5605769230769231 0.015384615384615385 0.015384615384615385
0 0.823076923076923 0.35721153846153847 0.015384615384615385 0.015865384615384615
0 0.5725961538461538 0.3293269230769231 0.016346153846153847 0.015865384615384615
0 0.6168269230769231 0.10048076923076923 0.015384615384615385 0.016346153846153847
0 0.5149038461538461 0.05480769230769231 0.014423076923076924 0.014903846153846155
0 0.5057692307692307 0.5673076923076923 0.014903846153846155 0.015384615384615385
0 0.3230769230769231 0.575 0.016346153846153847 0.01730769230769231
0 0.3072115384615385 0.35721153846153847 0.014903846153846155 0.015865384615384615
0 0.6990384615384615 0.18365384615384617 0.015865384615384615 0.016346153846153847
0 0.6942307692307692 0.29903846153846153 0.014423076923076924 0.014903846153846155
0 0.23653846153846153 0.1889423076923077 0.012980769230769231 0.013461538461538462
0 0.6644230769230769 0.4168269230769231 0.014903846153846155 0.014903846153846155
0 0.6134615384615385 0.3072115384615385 0.020673076923076922 0.021153846153846155
0 0.37740384615384615 0.5581730769230769 0.014423076923076924 0.014903846153846155
0 0.6634615384615384 0.2903846153846154 0.021153846153846155 0.020673076923076922
