0 0.20673076923076922 0.4716346153846154 0.010576923076923078 0.011538461538461539
0 0.21682692307692308 0.3576923076923077 0.011057692307692308 0.01201923076923077
0 0.7269230769230769 0.11826923076923077 0.008653846153846154 0.008173076923076924
0 0.3995192307692308 0.40048076923076925 0.011538461538461539 0.011538461538461539
0 0.5894230769230769 0.11201923076923077 0.013461538461538462 0.011057692307692308
0 0.04326923076923077 0.4485576923076923 0.010096153846153847 0.011057692307692308
0 0.6682692307692307 0.38798076923076924 0.0125 0.012980769230769231
0 0.10432692307692308 0.3038461538461538 0.011538461538461539 0.0125
0 0.21153846153846154 0.041346153846153845 0.010576923076923078 0.010576923076923078
0 0.09807692307692308 0.5783653846153847 0.01201923076923077 0.01201923076923077
0 0.05144230769230769 0.6798076923076923 0.009134615384615385 0.009134615384615385
0 0.12355769230769231 0.4778846153846154 0.010096153846153847 0.010096153846153847
0 0.5110576923076923 0.029326923076923077 0.012980769230769231 0.013461538461538462
0 0.27740384615384617 0.15817307692307692 0.010576923076923078 0.011057692307692308
0 0.3625 0.6533653846153846 0.011057692307692308 0.011057692307692308
0 0.15625 0.5057692307692307 0.012980769230769231 0.013461538461538462
0 0.4355769230769231 0.14326923076923076 0.010576923076923078 0.010576923076923078
0 0.31490384615384615 0.1908653846153846 0.0125 0.012980769230769231
0 0.3716346153846154 0.14807692307692308 0.01201923076923077 0.012980769230769231
0 0.33942307692307694 0.39903846153846156 0.013942307692307693 0.014423076923076924
0 0.1701923076923077 0.3278846153846154 0.013942307692307693 0.013942307692307693
0 0.6216346153846154 0.10913461538461539 0.011538461538461539 0.011057692307692308
0 0.31682692307692306 0.23173076923076924 0.0125 0.012980769230769231
0 0.009134615384615385 0.09038461538461538 0.009615384615384616 0.009615384615384616
0 0.42932692307692305 0.20096153846153847 0.011057692307692308 0.010576923076923078
0 0.71875 0.17067307692307693 0.011057692307692308 0.011057692307692308
0 0.3216346153846154 0.047596153846153844 0.011057692307692308 0.011538461538461539
0 0.3235576923076923 0.1346153846153846 0.0125 0.012980769230769231
0 0.5625 0.09759615384615385 0.012980769230769231 0.013461538461538462
0 0.04230769230769231 0.4634615384615385 0.010576923076923078 0.010576923076923078
0 0.37259615384615385 0.13701923076923078 0.010576923076923078 0.011057692307692308
0 0.3485576923076923 0.15721153846153846 0.014423076923076924 0.013942307692307693
0 0.4173076923076923 0.22451923076923078 0.020192307692307693 0.020192307692307693
