0 0.34134615384615385 0.4264423076923077 0.010576923076923078 0.011057692307692308
0 0.6475961538461539 0.7509615384615385 0.010096153846153847 0.010576923076923078
0 0.34951923076923075 0.5466346153846153 0.0125 0.012980769230769231
0 0.2692307692307692 0.20048076923076924 0.008653846153846154 0.008653846153846154
0 0.8495192307692307 0.7802884615384615 0.010576923076923078 0.010576923076923078
0 0.6307692307692307 0.7009615384615384 0.010096153846153847 0.011057692307692308
0 0.7899038461538461 0.4269230769230769 0.009615384615384616 0.010096153846153847
0 0.40865384615384615 0.8423076923076923 0.010576923076923078 0.011538461538461539
0 0.6451923076923077 0.4668269230769231 0.010576923076923078 0.010576923076923078
0 0.7278846153846154 0.6048076923076923 0.011538461538461539 0.011538461538461539
0 0.013942307692307693 0.9182692307692307 0.021153846153846155 0.021153846153846155
