0 0.3110576923076923 0.5572115384615385 0.01201923076923077 0.012980769230769231
0 0.3 0.5125 0.011057692307692308 0.01201923076923077
0 0.4125 0.8288461538461539 0.01201923076923077 0.012980769230769231
0 0.2610576923076923 0.12451923076923077 0.010576923076923078 0.011057692307692308
0 0.3644230769230769 0.41778846153846155 0.010096153846153847 0.010096153846153847
0 0.2826923076923077 0.2923076923076923 0.01201923076923077 0.01201923076923077
0 0.42788461538461536 0.47596153846153844 0.0125 0.011538461538461539
0 0.5754807692307692 0.7932692307692307 0.01201923076923077 0.0125
0 0.20625 0.5951923076923077 0.012980769230769231 0.011538461538461539
0 0.6447115384615385 0.4153846153846154 0.009134615384615385 0.008653846153846154
0 0.5899038461538462 0.25721153846153844 0.01201923076923077 0.013461538461538462
0 0.2283653846153846 0.19951923076923078 0.0125 0.012980769230769231
0 0.17548076923076922 0.7475961538461539 0.011538461538461539 0.0125
0 0.7346153846153847 0.6278846153846154 0.012980769230769231 0.012980769230769231
0 0.5283653846153846 0.8129807692307692 0.012980769230769231 0.012980769230769231
