0 0.4168269230769231 0.09471153846153846 0.012980769230769231 0.012980769230769231
0 0.1 0.5201923076923077 0.014903846153846155 0.014903846153846155
0 0.4519230769230769 0.1264423076923077 0.012980769230769231 0.013942307692307693
0 0.023076923076923078 0.5596153846153846 0.014423076923076924 0.014903846153846155
0 0.4778846153846154 0.8076923076923077 0.012980769230769231 0.013461538461538462
0 0.44375 0.43846153846153846 0.01201923076923077 0.0125
0 0.10432692307692308 0.6177884615384616 0.014903846153846155 0.015384615384615385
0 0.4639423076923077 0.3889423076923077 0.012980769230769231 0.012980769230769231
0 0.4480769230769231 0.78125 0.014423076923076924 0.014903846153846155
0 0.12163461538461538 0.20288461538461539 0.012980769230769231 0.013942307692307693
0 0.33653846153846156 0.45865384615384613 0.012980769230769231 0.013461538461538462
0 0.06442307692307692 0.7697115384615385 0.013461538461538462 0.013942307692307693
0 0.47692307692307695 0.8192307692307692 0.015384615384615385 0.015384615384615385
