0 0.11057692307692307 0.7100961538461539 0.016346153846153847 0.015865384615384615
0 0.05336538461538461 0.5586538461538462 0.013942307692307693 0.013942307692307693
0 0.4341346153846154 0.5639423076923077 0.016826923076923076 0.01730769230769231
0 0.4394230769230769 0.4341346153846154 0.01201923076923077 0.0125
0 0.29903846153846153 0.7350961538461539 0.0125 0.0125
0 0.5120192307692307 0.6331730769230769 0.014423076923076924 0.014903846153846155
0 0.07163461538461538 0.6451923076923077 0.013942307692307693 0.013461538461538462
0 0.6610576923076923 0.5451923076923076 0.01201923076923077 0.0125
0 0.09086538461538461 0.6759615384615385 0.01201923076923077 0.0125
0 0.11634615384615385 0.7355769230769231 0.016346153846153847 0.016346153846153847
0 0.6927884615384615 0.6567307692307692 0.012980769230769231 0.01201923076923077
0 0.38846153846153847 0.6394230769230769 0.014903846153846155 0.014903846153846155
0 0.65 0.5129807692307692 0.016346153846153847 0.016826923076923076
0 0.6548076923076923 0.5990384615384615 0.01826923076923077 0.01730769230769231
0 0.645673076923077 0.7471153846153846 0.01730769230769231 0.01730769230769231
0 0.10192307692307692 0.4480769230769231 0.015865384615384615 0.015865384615384615
0 0.40576923076923077 0.708173076923077 0.020673076923076922 0.020673076923076922
0 0.4173076923076923 0.6649038461538461 0.020673076923076922 0.020673076923076922
0 0.5735576923076923 0.6850961538461539 0.020192307692307693 0.020673076923076922
