0 0.13653846153846153 0.7283653846153846 0.014423076923076924 0.014423076923076924
0 0.4182692307692308 0.5370192307692307 0.014423076923076924 0.014903846153846155
0 0.5576923076923077 0.2230769230769231 0.012980769230769231 0.013461538461538462
0 0.42403846153846153 0.37884615384615383 0.014903846153846155 0.015384615384615385
0 0.12067307692307692 0.27163461538461536 0.013461538461538462 0.013942307692307693
0 0.013461538461538462 0.6307692307692307 0.012980769230769231 0.014423076923076924
0 0.39326923076923076 0.8278846153846153 0.013461538461538462 0.014423076923076924
0 0.37740384615384615 0.5788461538461539 0.013942307692307693 0.014903846153846155
0 0.7524038461538461 0.1076923076923077 0.013942307692307693 0.014423076923076924
0 0.7663461538461539 0.20048076923076924 0.015865384615384615 0.015865384615384615
0 0.13173076923076923 0.14711538461538462 0.013461538461538462 0.013942307692307693
