0 0.32211538461538464 0.35625 0.014423076923076924 0.013942307692307693
0 0.27548076923076925 0.02548076923076923 0.005288461538461539 0.0057692307692307696
0 0.4014423076923077 0.6451923076923077 0.010576923076923078 0.012980769230769231
0 0.3158653846153846 0.05625 0.011057692307692308 0.010576923076923078
0 0.3245192307692308 0.5475961538461539 0.00625 0.006730769230769231
0 0.13798076923076924 0.04230769230769231 0.006730769230769231 0.007211538461538462
0 0.6389423076923076 0.46923076923076923 0.01201923076923077 0.011538461538461539
0 0.13365384615384615 0.3798076923076923 0.010576923076923078 0.011538461538461539
0 0.4014423076923077 0.16490384615384615 0.010576923076923078 0.011057692307692308
0 0.6403846153846153 0.6855769230769231 0.010096153846153847 0.01201923076923077
0 0.3783653846153846 0.7105769230769231 0.013942307692307693 0.014423076923076924
0 0.02548076923076923 0.5399038461538461 0.010576923076923078 0.011538461538461539
0 0.1841346153846154 0.11778846153846154 0.0125 0.012980769230769231
0 0.25240384615384615 0.1596153846153846 0.00625 0.00625
0 0.4427884615384615 0.6966346153846154 0.0057692307692307696 0.0038461538461538464
0 0.3701923076923077 0.6764423076923077 0.010576923076923078 0.01201923076923077
0 0.3490384615384615 0.6572115384615385 0.013461538461538462 0.013461538461538462
0 0.24086538461538462 0.19134615384615383 0.013942307692307693 0.013461538461538462
