0 0.5658653846153846 0.20817307692307693 0.011057692307692308 0.011538461538461539
0 0.6168269230769231 0.7153846153846154 0.01201923076923077 0.0125
0 0.6447115384615385 0.36923076923076925 0.010576923076923078 0.011538461538461539
0 0.8490384615384615 0.3216346153846154 0.011538461538461539 0.011538461538461539
0 0.7504807692307692 0.2875 0.011057692307692308 0.011057692307692308
0 0.6923076923076923 0.17307692307692307 0.010096153846153847 0.011057692307692308
0 0.7475961538461539 0.11153846153846154 0.011057692307692308 0.0125
0 0.15432692307692308 0.31009615384615385 0.014903846153846155 0.015384615384615385
0 0.7701923076923077 0.4600961538461538 0.011538461538461539 0.01201923076923077
0 0.8052884615384616 0.11538461538461539 0.011538461538461539 0.011538461538461539
0 0.4528846153846154 0.6105769230769231 0.010576923076923078 0.011538461538461539
0 0.34134615384615385 0.6692307692307692 0.010576923076923078 0.011538461538461539
0 0.84375 0.7288461538461538 0.011057692307692308 0.01201923076923077
0 0.8754807692307692 0.16201923076923078 0.010576923076923078 0.010576923076923078
0 0.7764423076923077 0.37451923076923077 0.010096153846153847 0.010096153846153847
0 0.5182692307692308 0.8024038461538462 0.011538461538461539 0.01201923076923077
0 0.7451923076923077 0.3096153846153846 0.012980769230769231 0.013461538461538462
0 0.7841346153846154 0.18125 0.01201923076923077 0.0125
0 0.86875 0.15865384615384615 0.011057692307692308 0.010096153846153847
0 0.8057692307692308 0.35336538461538464 0.011057692307692308 0.011538461538461539
