0 0.3783653846153846 0.6038461538461538 0.014423076923076924 0.014423076923076924
0 0.5740384615384615 0.7033653846153847 0.016826923076923076 0.016346153846153847
0 0.6038461538461538 0.5663461538461538 0.015865384615384615 0.015865384615384615
0 0.3451923076923077 0.5807692307692308 0.014903846153846155 0.015384615384615385
0 0.5865384615384616 0.6379807692307692 0.014423076923076924 0.015384615384615385
0 0.1625 0.37115384615384617 0.014423076923076924 0.014903846153846155
0 0.3269230769230769 0.6336538461538461 0.015384615384615385 0.015865384615384615
0 0.19375 0.21826923076923077 0.013942307692307693 0.013942307692307693
0 0.06201923076923077 0.8302884615384616 0.014423076923076924 0.014423076923076924
0 0.3716346153846154 0.30432692307692305 0.013461538461538462 0.013942307692307693
0 0.20096153846153847 0.2971153846153846 0.013942307692307693 0.014423076923076924
0 0.24134615384615385 0.6629807692307692 0.015865384615384615 0.015865384615384615
0 0.3485576923076923 0.63125 0.015384615384615385 0.015865384615384615
0 0.7625 0.5504807692307693 0.014903846153846155 0.014903846153846155
0 0.15336538461538463 0.2725961538461538 0.013461538461538462 0.013942307692307693
0 0.675 0.6485576923076923 0.013942307692307693 0.014903846153846155
0 0.45528846153846153 0.6475961538461539 0.013461538461538462 0.014423076923076924
0 0.48846153846153845 0.69375 0.0125 0.012980769230769231
0 0.4346153846153846 0.6716346153846153 0.013942307692307693 0.014423076923076924
0 0.13221153846153846 0.8600961538461539 0.014423076923076924 0.014903846153846155
0 0.40576923076923077 0.55 0.015384615384615385 0.015865384615384615
0 0.6610576923076923 0.8548076923076923 0.014423076923076924 0.014903846153846155
0 0.7846153846153846 0.8798076923076923 0.0125 0.013461538461538462
0 0.5052884615384615 0.9067307692307692 0.016826923076923076 0.016826923076923076
0 0.5961538461538461 0.8836538461538461 0.015384615384615385 0.015384615384615385
0 0.11394230769230769 0.21875 0.013461538461538462 0.012980769230769231
0 0.31971153846153844 0.54375 0.014423076923076924 0.014903846153846155
0 0.026923076923076925 0.8995192307692308 0.014903846153846155 0.015384615384615385
0 0.014423076923076924 0.3293269230769231 0.015865384615384615 0.015384615384615385
0 0.6552884615384615 0.770673076923077 0.015384615384615385 0.015384615384615385
0 0.1701923076923077 0.8774038461538461 0.013461538461538462 0.013942307692307693
0 0.021634615384615384 0.8221153846153846 0.014423076923076924 0.014903846153846155
0 0.5389423076923077 0.34951923076923075 0.013461538461538462 0.013942307692307693
0 0.12596153846153846 0.41875 0.013461538461538462 0.013942307692307693
0 0.4322115384615385 0.8668269230769231 0.014423076923076924 0.014903846153846155
0 0.11298076923076923 0.8365384615384616 0.014423076923076924 0.014423076923076924
0 0.7302884615384615 0.34951923076923075 0.013942307692307693 0.013942307692307693
0 0.3408653846153846 0.7182692307692308 0.014903846153846155 0.015384615384615385
0 0.09423076923076923 0.7274038461538461 0.014903846153846155 0.015865384615384615
0 0.7206730769230769 0.6735576923076924 0.014903846153846155 0.015384615384615385
0 0.4634615384615385 0.5793269230769231 0.014423076923076924 0.014423076923076924
0 0.46153846153846156 0.33413461538461536 0.013461538461538462 0.013461538461538462
0 0.666826923076923 0.7014423076923076 0.013461538461538462 0.012980769230769231
0 0.40240384615384617 0.5788461538461539 0.014423076923076924 0.014903846153846155
0 0.4831730769230769 0.6557692307692308 0.012980769230769231 0.013942307692307693
0 0.07692307692307693 0.7307692307692307 0.014423076923076924 0.014903846153846155
0 0.16009615384615383 0.3408653846153846 0.013461538461538462 0.013942307692307693
0 0.6254807692307692 0.7456730769230769 0.013461538461538462 0.013942307692307693
0 0.7951923076923076 0.8144230769230769 0.013942307692307693 0.014903846153846155
0 0.48173076923076924 0.9129807692307692 0.012980769230769231 0.012980769230769231
0 0.052884615384615384 0.3923076923076923 0.014423076923076924 0.014903846153846155
0 0.6346153846153846 0.28221153846153846 0.011538461538461539 0.01201923076923077
0 0.5 0.7783653846153846 0.013942307692307693 0.013942307692307693
0 0.4721153846153846 0.5293269230769231 0.0125 0.013461538461538462
0 0.4322115384615385 0.7942307692307692 0.013461538461538462 0.012980769230769231
0 0.7024038461538461 0.20528846153846153 0.014423076923076924 0.014903846153846155
0 0.11009615384615384 0.2692307692307692 0.012980769230769231 0.013461538461538462
0 0.3057692307692308 0.23509615384615384 0.01201923076923077 0.01201923076923077
0 0.3033653846153846 0.5567307692307693 0.014903846153846155 0.015384615384615385
0 0.55625 0.3418269230769231 0.011538461538461539 0.011538461538461539
0 0.03365384615384615 0.31346153846153846 0.014423076923076924 0.013942307692307693
0 0.7567307692307692 0.8067307692307693 0.01826923076923077 0.01826923076923077
0 0.04038461538461539 0.30625 0.0125 0.012980769230769231
0 0.666826923076923 0.7322115384615384 0.0125 0.012980769230769231
0 0.6927884615384615 0.2879807692307692 0.013942307692307693 0.014423076923076924
0 0.5182692307692308 0.9052884615384615 0.016826923076923076 0.017788461538461538
0 0.2610576923076923 0.7692307692307693 0.014423076923076924 0.014903846153846155
0 0.5552884615384616 0.8081730769230769 0.012980769230769231 0.013461538461538462
0 0.41971153846153847 0.725 0.017788461538461538 0.017788461538461538
0 0.7620192307692307 0.9100961538461538 0.013942307692307693 0.014423076923076924
0 0.7471153846153846 0.520673076923077 0.014423076923076924 0.014423076923076924
0 0.10673076923076923 0.6245192307692308 0.011538461538461539 0.0125
0 0.3019230769230769 0.5394230769230769 0.016826923076923076 0.016346153846153847
0 0.1519230769230769 0.40721153846153846 0.01201923076923077 0.012980769230769231
0 0.48125 0.7721153846153846 0.012980769230769231 0.013461538461538462
0 0.50625 0.2899038461538462 0.013461538461538462 0.013461538461538462
0 0.2639423076923077 0.8942307692307693 0.013461538461538462 0.013461538461538462
0 0.7889423076923077 0.5774038461538461 0.013461538461538462 0.014903846153846155
0 0.26009615384615387 0.7451923076923077 0.013942307692307693 0.013942307692307693
0 0.5865384615384616 0.3033653846153846 0.011538461538461539 0.0125
0 0.6014423076923077 0.6956730769230769 0.013461538461538462 0.014423076923076924
0 0.40625 0.6879807692307692 0.012980769230769231 0.014423076923076924
0 0.5399038461538461 0.4908653846153846 0.014903846153846155 0.014903846153846155
0 0.2533653846153846 0.8442307692307692 0.01730769230769231 0.01730769230769231
0 0.5072115384615384 0.4461538461538462 0.01826923076923077 0.017788461538461538
0 0.5596153846153846 0.20961538461538462 0.020192307692307693 0.020192307692307693
0 0.26875 0.8769230769230769 0.020673076923076922 0.020673076923076922
