0 0.4533653846153846 0.5221153846153846 0.011538461538461539 0.01201923076923077
0 0.7355769230769231 0.1971153846153846 0.009134615384615385 0.012980769230769231
0 0.6706730769230769 0.1658653846153846 0.01201923076923077 0.012980769230769231
0 0.6975961538461538 0.25769230769230766 0.0125 0.0125
0 0.5346153846153846 0.027884615384615386 0.013461538461538462 0.01201923076923077
0 0.4668269230769231 0.4548076923076923 0.012980769230769231 0.01201923076923077
0 0.07932692307692307 0.06875 0.011538461538461539 0.0125
0 0.3644230769230769 0.27307692307692305 0.013942307692307693 0.014423076923076924
0 0.7206730769230769 0.4153846153846154 0.009615384615384616 0.010096153846153847
0 0.6014423076923077 0.5379807692307692 0.008653846153846154 0.011538461538461539
0 0.07548076923076923 0.27355769230769234 0.0125 0.01201923076923077
0 0.5495192307692308 0.6201923076923077 0.013461538461538462 0.013461538461538462
0 0.1293269230769231 0.3466346153846154 0.014423076923076924 0.012980769230769231
0 0.4403846153846154 0.027403846153846154 0.009134615384615385 0.009615384615384616
0 0.3860576923076923 0.24086538461538462 0.007692307692307693 0.008653846153846154
0 0.45 0.2456730769230769 0.009134615384615385 0.009615384615384616
0 0.21298076923076922 0.5548076923076923 0.013461538461538462 0.0125
0 0.38653846153846155 0.3153846153846154 0.008653846153846154 0.010096153846153847
0 0.22259615384615383 0.3875 0.013461538461538462 0.01201923076923077
0 0.14951923076923077 0.035096153846153846 0.013942307692307693 0.0125
0 0.5894230769230769 0.4235576923076923 0.013942307692307693 0.012980769230769231
0 0.41009615384615383 0.3153846153846154 0.009615384615384616 0.010576923076923078
0 0.46778846153846154 0.38076923076923075 0.01201923076923077 0.013461538461538462
0 0.7658653846153847 0.3528846153846154 0.008173076923076924 0.009615384615384616
0 0.7658653846153847 0.05144230769230769 0.013461538461538462 0.012980769230769231
0 0.4216346153846154 0.7 0.013942307692307693 0.013461538461538462
0 0.1389423076923077 0.6788461538461539 0.013461538461538462 0.013942307692307693
0 0.38317307692307695 0.13509615384615384 0.014903846153846155 0.013942307692307693
0 0.7456730769230769 0.3456730769230769 0.010576923076923078 0.007692307692307693
0 0.5399038461538461 0.33653846153846156 0.014903846153846155 0.012980769230769231
0 0.09567307692307692 0.08125 0.008653846153846154 0.007211538461538462
0 0.3038461538461538 0.03798076923076923 0.01971153846153846 0.01971153846153846
