0 0.4581730769230769 0.23173076923076924 0.013461538461538462 0.0125
0 0.5004807692307692 0.31875 0.01730769230769231 0.01826923076923077
0 0.6663461538461538 0.2610576923076923 0.016826923076923076 0.016826923076923076
0 0.7134615384615385 0.43701923076923077 0.015865384615384615 0.016346153846153847
0 0.8269230769230769 0.7514423076923077 0.016346153846153847 0.017788461538461538
0 0.6783653846153846 0.46442307692307694 0.019230769230769232 0.017788461538461538
0 0.5004807692307692 0.8836538461538461 0.017788461538461538 0.01826923076923077
0 0.22451923076923078 0.6086538461538461 0.015865384615384615 0.016346153846153847
0 0.7625 0.5634615384615385 0.016346153846153847 0.016826923076923076
0 0.7975961538461539 0.7091346153846154 0.01730769230769231 0.01826923076923077
0 0.6403846153846153 0.37548076923076923 0.01826923076923077 0.021153846153846155
0 0.43125 0.20721153846153847 0.01730769230769231 0.01875
0 0.7076923076923077 0.44519230769230766 0.016826923076923076 0.01826923076923077
