0 0.9182692307692307 0.06201923076923077 0.016346153846153847 0.01730769230769231
0 0.38317307692307695 0.4081730769230769 0.016826923076923076 0.01826923076923077
0 0.8408653846153846 0.35384615384615387 0.015384615384615385 0.014903846153846155
0 0.4798076923076923 0.5639423076923077 0.015865384615384615 0.015384615384615385
0 0.47115384615384615 0.4543269230769231 0.015384615384615385 0.014903846153846155
0 0.25096153846153846 0.3557692307692308 0.01826923076923077 0.017788461538461538
0 0.17067307692307693 0.09086538461538461 0.016826923076923076 0.017788461538461538
0 0.23125 0.46105769230769234 0.013942307692307693 0.014423076923076924
0 0.37548076923076923 0.48028846153846155 0.014903846153846155 0.015384615384615385
0 0.47259615384615383 0.2610576923076923 0.016346153846153847 0.016826923076923076
0 0.42451923076923076 0.19807692307692307 0.015865384615384615 0.020192307692307693
