0 0.8072115384615385 0.6057692307692307 0.014423076923076924 0.015384615384615385
0 0.05432692307692308 0.1735576923076923 0.014903846153846155 0.015865384615384615
0 0.43846153846153846 0.42932692307692305 0.014423076923076924 0.014423076923076924
0 0.5548076923076923 0.33557692307692305 0.014903846153846155 0.015384615384615385
0 0.6802884615384616 0.4307692307692308 0.014903846153846155 0.015384615384615385
0 0.5 0.3144230769230769 0.014423076923076924 0.015384615384615385
0 0.7850961538461538 0.12115384615384615 0.014903846153846155 0.015384615384615385
0 0.3528846153846154 0.15673076923076923 0.015384615384615385 0.015865384615384615
0 0.4081730769230769 0.34423076923076923 0.013942307692307693 0.013942307692307693
0 0.6543269230769231 0.51875 0.014903846153846155 0.014903846153846155
0 0.2985576923076923 0.2653846153846154 0.014423076923076924 0.014903846153846155
0 0.3298076923076923 0.21971153846153846 0.015865384615384615 0.015865384615384615
0 0.30288461538461536 0.5836538461538462 0.013942307692307693 0.014423076923076924
0 0.7014423076923076 0.7846153846153846 0.013461538461538462 0.014423076923076924
0 0.19615384615384615 0.24807692307692308 0.013461538461538462 0.013942307692307693
0 0.4216346153846154 0.03028846153846154 0.016346153846153847 0.015865384615384615
0 0.48653846153846153 0.25625 0.013942307692307693 0.014903846153846155
0 0.3663461538461538 0.5653846153846154 0.013461538461538462 0.014423076923076924
0 0.13173076923076923 0.5471153846153847 0.012980769230769231 0.01826923076923077
0 0.01875 0.7980769230769231 0.014903846153846155 0.014903846153846155
0 0.04278846153846154 0.5278846153846154 0.013461538461538462 0.013942307692307693
0 0.45576923076923076 0.676923076923077 0.015384615384615385 0.016826923076923076
0 0.2466346153846154 0.7663461538461539 0.0125 0.0125
0 0.8100961538461539 0.09471153846153846 0.013461538461538462 0.014423076923076924
0 0.43653846153846154 0.47836538461538464 0.013942307692307693 0.014423076923076924
0 0.3918269230769231 0.31826923076923075 0.013942307692307693 0.014423076923076924
0 0.6966346153846154 0.4879807692307692 0.013461538461538462 0.013942307692307693
0 0.2552884615384615 0.5346153846153846 0.012980769230769231 0.013461538461538462
0 0.7966346153846153 0.47307692307692306 0.013461538461538462 0.013942307692307693
0 0.05576923076923077 0.47307692307692306 0.015384615384615385 0.016346153846153847
0 0.7697115384615385 0.5581730769230769 0.013461538461538462 0.013942307692307693
0 0.6625 0.8004807692307693 0.015865384615384615 0.017788461538461538
0 0.8177884615384615 0.7961538461538461 0.014423076923076924 0.015384615384615385
0 0.4841346153846154 0.6879807692307692 0.013942307692307693 0.014423076923076924
0 0.08221153846153846 0.6495192307692308 0.013942307692307693 0.014903846153846155
0 0.23461538461538461 0.8254807692307692 0.015865384615384615 0.016346153846153847
0 0.5932692307692308 0.24278846153846154 0.013942307692307693 0.013942307692307693
0 0.08509615384615385 0.5259615384615385 0.011538461538461539 0.012980769230769231
0 0.6283653846153846 0.5283653846153846 0.013461538461538462 0.014423076923076924
0 0.04038461538461539 0.8096153846153846 0.014423076923076924 0.014423076923076924
0 0.19759615384615384 0.5144230769230769 0.013942307692307693 0.013942307692307693
0 0.5586538461538462 0.7504807692307692 0.01201923076923077 0.012980769230769231
0 0.28365384615384615 0.34615384615384615 0.013942307692307693 0.014423076923076924
0 0.020192307692307693 0.38798076923076924 0.013461538461538462 0.013942307692307693
0 0.8153846153846154 0.5745192307692307 0.014903846153846155 0.015384615384615385
0 0.33605769230769234 0.6817307692307693 0.013942307692307693 0.014423076923076924
0 0.6375 0.8043269230769231 0.013461538461538462 0.013461538461538462
0 0.6350961538461538 0.7740384615384616 0.012980769230769231 0.013942307692307693
0 0.1860576923076923 0.5245192307692308 0.015384615384615385 0.015384615384615385
0 0.2125 0.5956730769230769 0.014423076923076924 0.013942307692307693
0 0.22163461538461537 0.5850961538461539 0.013461538461538462 0.013942307692307693
0 0.061057692307692306 0.4774038461538462 0.021153846153846155 0.021153846153846155
0 0.2528846153846154 0.8355769230769231 0.021153846153846155 0.020673076923076922
