0 0.33798076923076925 0.3346153846153846 0.012980769230769231 0.013461538461538462
0 0.8182692307692307 0.23509615384615384 0.01201923076923077 0.0125
0 0.7384615384615385 0.07740384615384616 0.013942307692307693 0.014423076923076924
0 0.8740384615384615 0.4403846153846154 0.01201923076923077 0.012980769230769231
0 0.4673076923076923 0.2721153846153846 0.01201923076923077 0.012980769230769231
0 0.8793269230769231 0.3057692307692308 0.010576923076923078 0.010096153846153847
0 0.9221153846153847 0.6764423076923077 0.011538461538461539 0.01201923076923077
0 0.26298076923076924 0.046634615384615385 0.010096153846153847 0.011057692307692308
0 0.7552884615384615 0.36346153846153845 0.011538461538461539 0.01201923076923077
0 0.13173076923076923 0.5528846153846154 0.0125 0.012980769230769231
0 0.375 0.37740384615384615 0.0125 0.012980769230769231
0 0.41586538461538464 0.2918269230769231 0.012980769230769231 0.012980769230769231
0 0.3384615384615385 0.052403846153846155 0.013942307692307693 0.013942307692307693
0 0.5394230769230769 0.0889423076923077 0.01201923076923077 0.0125
0 0.17548076923076922 0.3841346153846154 0.0125 0.01201923076923077
0 0.4879807692307692 0.43173076923076925 0.0125 0.012980769230769231
0 0.19326923076923078 0.11153846153846154 0.013461538461538462 0.012980769230769231
0 0.5091346153846154 0.2 0.013461538461538462 0.012980769230769231
0 0.5913461538461539 0.6375 0.01201923076923077 0.0125
0 0.26826923076923076 0.5177884615384616 0.013942307692307693 0.014423076923076924
0 0.10192307692307692 0.18365384615384617 0.013461538461538462 0.013461538461538462
0 0.1673076923076923 0.04951923076923077 0.015384615384615385 0.015865384615384615
0 0.4048076923076923 0.05048076923076923 0.01201923076923077 0.01201923076923077
0 0.5653846153846154 0.5461538461538461 0.013461538461538462 0.013461538461538462
0 0.12163461538461538 0.33653846153846156 0.011057692307692308 0.011057692307692308
0 0.1951923076923077 0.6365384615384615 0.014423076923076924 0.014423076923076924
0 0.17307692307692307 0.42451923076923076 0.013461538461538462 0.014423076923076924
0 0.28221153846153846 0.53125 0.013942307692307693 0.014423076923076924
0 0.5024038461538461 0.3038461538461538 0.0125 0.0125
0 0.41057692307692306 0.4908653846153846 0.01201923076923077 0.01201923076923077
0 0.475 0.4485576923076923 0.01875 0.01826923076923077
0 0.5100961538461538 0.4201923076923077 0.01826923076923077 0.01826923076923077
0 0.5625 0.4673076923076923 0.01826923076923077 0.01875
0 0.49375 0.6423076923076924 0.01875 0.01875
