0 0.08605769230769231 0.44759615384615387 0.014423076923076924 0.014903846153846155
0 0.2956730769230769 0.07067307692307692 0.015865384615384615 0.015384615384615385
0 0.04278846153846154 0.5086538461538461 0.015384615384615385 0.015865384615384615
0 0.041826923076923074 0.5668269230769231 0.014903846153846155 0.014903846153846155
0 0.2552884615384615 0.4894230769230769 0.014423076923076924 0.014903846153846155
0 0.10048076923076923 0.6490384615384616 0.012980769230769231 0.012980769230769231
0 0.013942307692307693 0.7889423076923077 0.013942307692307693 0.013942307692307693
0 0.2091346153846154 0.8072115384615385 0.01730769230769231 0.015865384615384615
0 0.11971153846153847 0.5 0.013942307692307693 0.016826923076923076
0 0.11826923076923077 0.275 0.01826923076923077 0.016826923076923076
0 0.008653846153846154 0.5173076923076924 0.014423076923076924 0.015384615384615385
0 0.02451923076923077 0.5384615384615384 0.015384615384615385 0.016346153846153847
0 0.11682692307692308 0.8144230769230769 0.015865384615384615 0.016346153846153847
0 0.28076923076923077 0.7495192307692308 0.014423076923076924 0.016346153846153847
0 0.11778846153846154 0.7927884615384615 0.015384615384615385 0.016346153846153847
0 0.3716346153846154 0.7471153846153846 0.016826923076923076 0.01730769230769231
0 0.06346153846153846 0.23798076923076922 0.020673076923076922 0.020673076923076922
