0 0.48028846153846155 0.6586538461538461 0.012980769230769231 0.014423076923076924
0 0.3855769230769231 0.8831730769230769 0.0125 0.0125
0 0.6100961538461539 0.7884615384615384 0.013942307692307693 0.013942307692307693
0 0.5778846153846153 0.3730769230769231 0.014423076923076924 0.013461538461538462
0 0.2903846153846154 0.5254807692307693 0.013461538461538462 0.012980769230769231
0 0.4658653846153846 0.6201923076923077 0.012980769230769231 0.014423076923076924
0 0.6927884615384615 0.8216346153846154 0.013461538461538462 0.012980769230769231
0 0.2673076923076923 0.8216346153846154 0.013942307692307693 0.014423076923076924
0 0.3211538461538462 0.37932692307692306 0.014903846153846155 0.014423076923076924
0 0.15144230769230768 0.41586538461538464 0.012980769230769231 0.014423076923076924
0 0.46105769230769234 0.7754807692307693 0.011538461538461539 0.01201923076923077
0 0.43317307692307694 0.7639423076923076 0.011538461538461539 0.01201923076923077
0 0.5216346153846154 0.26490384615384616 0.014423076923076924 0.012980769230769231
0 0.0985576923076923 0.8360576923076923 0.014423076923076924 0.014903846153846155
0 0.30528846153846156 0.8399038461538462 0.0125 0.014423076923076924
0 0.11153846153846154 0.7730769230769231 0.014903846153846155 0.016346153846153847
0 0.1778846153846154 0.8668269230769231 0.013942307692307693 0.014423076923076924
0 0.013942307692307693 0.8514423076923077 0.015384615384615385 0.015384615384615385
0 0.11490384615384615 0.7596153846153846 0.016346153846153847 0.015865384615384615
0 0.019230769230769232 0.7899038461538461 0.015384615384615385 0.014423076923076924
