0 0.8918269230769231 0.5355769230769231 0.011538461538461539 0.01201923076923077
0 0.8043269230769231 0.2423076923076923 0.010576923076923078 0.011057692307692308
0 0.65 0.23221153846153847 0.01201923076923077 0.01201923076923077
0 0.5923076923076923 0.5394230769230769 0.012980769230769231 0.013461538461538462
0 0.7572115384615384 0.4846153846153846 0.011057692307692308 0.011538461538461539
0 0.8576923076923076 0.26971153846153845 0.0125 0.0125
0 0.4394230769230769 0.36538461538461536 0.01201923076923077 0.0125
0 0.8504807692307692 0.6403846153846153 0.0125 0.012980769230769231
0 0.5985576923076923 0.37451923076923077 0.014903846153846155 0.014423076923076924
0 0.6807692307692308 0.4716346153846154 0.011538461538461539 0.011057692307692308
0 0.3283653846153846 0.56875 0.013461538461538462 0.013461538461538462
0 0.6288461538461538 0.583173076923077 0.01201923076923077 0.01201923076923077
0 0.45528846153846153 0.3375 0.01201923076923077 0.01201923076923077
0 0.33605769230769234 0.32019230769230766 0.01201923076923077 0.0125
0 0.7798076923076923 0.31201923076923077 0.012980769230769231 0.012980769230769231
0 0.45913461538461536 0.38076923076923075 0.011538461538461539 0.01201923076923077
0 0.4096153846153846 0.3778846153846154 0.011538461538461539 0.01201923076923077
0 0.6423076923076924 0.09471153846153846 0.013461538461538462 0.013942307692307693
0 0.46826923076923077 0.65625 0.014423076923076924 0.013942307692307693
0 0.014423076923076924 0.32884615384615384 0.014903846153846155 0.015865384615384615
0 0.5375 0.6317307692307692 0.0125 0.013461538461538462
0 0.43846153846153846 0.09375 0.013461538461538462 0.013461538461538462
0 0.5567307692307693 0.05721153846153846 0.013461538461538462 0.013942307692307693
0 0.5125 0.29471153846153847 0.011538461538461539 0.01201923076923077
0 0.2389423076923077 0.19615384615384615 0.010576923076923078 0.011538461538461539
0 0.44182692307692306 0.20096153846153847 0.014903846153846155 0.014423076923076924
0 0.25961538461538464 0.5625 0.013461538461538462 0.012980769230769231
0 0.6336538461538461 0.008653846153846154 0.01201923076923077 0.0125
0 0.5427884615384615 0.2423076923076923 0.0125 0.0125
0 0.5379807692307692 0.5889423076923077 0.013461538461538462 0.014423076923076924
0 0.09519230769230769 0.5221153846153846 0.013942307692307693 0.014423076923076924
0 0.30288461538461536 0.4673076923076923 0.012980769230769231 0.013942307692307693
0 0.2903846153846154 0.6600961538461538 0.014903846153846155 0.014423076923076924
0 0.24182692307692308 0.0798076923076923 0.01201923076923077 0.0125
0 0.2745192307692308 0.5985576923076923 0.012980769230769231 0.014423076923076924
0 0.5 0.44903846153846155 0.012980769230769231 0.013942307692307693
0 0.32067307692307695 0.38269230769230766 0.014423076923076924 0.014903846153846155
0 0.1548076923076923 0.5725961538461538 0.014423076923076924 0.014423076923076924
0 0.3451923076923077 0.32596153846153847 0.0125 0.012980769230769231
0 0.4947115384615385 0.2423076923076923 0.012980769230769231 0.012980769230769231
0 0.17884615384615385 0.5283653846153846 0.015384615384615385 0.015865384615384615
0 0.16778846153846153 0.14038461538461539 0.01826923076923077 0.01875
0 0.26490384615384616 0.3605769230769231 0.01875 0.01826923076923077
