0 0.6317307692307692 0.45625 0.015384615384615385 0.016346153846153847
0 0.03653846153846154 0.15 0.01730769230769231 0.01826923076923077
0 0.16923076923076924 0.22115384615384615 0.016346153846153847 0.016826923076923076
0 0.7774038461538462 0.41442307692307695 0.016346153846153847 0.016346153846153847
0 0.18125 0.15817307692307692 0.015865384615384615 0.016826923076923076
0 0.1528846153846154 0.18076923076923077 0.016346153846153847 0.016826923076923076
0 0.8307692307692308 0.49903846153846154 0.017788461538461538 0.01730769230769231
0 0.7947115384615384 0.38653846153846155 0.015865384615384615 0.014423076923076924
0 0.6230769230769231 0.11490384615384615 0.015865384615384615 0.01826923076923077
0 0.40576923076923077 0.1519230769230769 0.016346153846153847 0.016826923076923076
0 0.8980769230769231 0.0889423076923077 0.015865384615384615 0.016346153846153847
0 0.4307692307692308 0.35192307692307695 0.01826923076923077 0.01730769230769231
0 0.5201923076923077 0.5153846153846153 0.014903846153846155 0.016346153846153847
0 0.8774038461538461 0.11875 0.015865384615384615 0.016826923076923076
0 0.2798076923076923 0.6548076923076923 0.014903846153846155 0.016346153846153847
0 0.26826923076923076 0.6298076923076923 0.016826923076923076 0.016826923076923076
0 0.8028846153846154 0.5081730769230769 0.016346153846153847 0.01730769230769231
0 0.8408653846153846 0.47596153846153844 0.015384615384615385 0.01730769230769231
0 0.8985576923076923 0.5975961538461538 0.016346153846153847 0.016826923076923076
0 0.6995192307692307 0.19615384615384615 0.014903846153846155 0.014903846153846155
0 0.7346153846153847 0.10336538461538461 0.015865384615384615 0.016346153846153847
0 0.7403846153846154 0.1326923076923077 0.01730769230769231 0.017788461538461538
0 0.8336538461538462 0.06346153846153846 0.014423076923076924 0.014903846153846155
0 0.17259615384615384 0.6721153846153847 0.017788461538461538 0.01730769230769231
0 0.4230769230769231 0.34423076923076923 0.015384615384615385 0.015865384615384615
0 0.6120192307692308 0.6423076923076924 0.015384615384615385 0.015384615384615385
0 0.5721153846153846 0.14038461538461539 0.020673076923076922 0.021153846153846155
0 0.5971153846153846 0.3735576923076923 0.020673076923076922 0.020673076923076922
0 0.4543269230769231 0.5134615384615384 0.020673076923076922 0.021153846153846155
0 0.9009615384615385 0.5942307692307692 0.020673076923076922 0.020673076923076922
0 0.8913461538461539 0.6004807692307692 0.020673076923076922 0.020673076923076922
