0 0.014903846153846155 0.6639423076923077 0.014423076923076924 0.014903846153846155
0 0.5120192307692307 0.33028846153846153 0.015384615384615385 0.015865384615384615
0 0.6625 0.3543269230769231 0.014423076923076924 0.014423076923076924
0 0.2692307692307692 0.24134615384615385 0.015384615384615385 0.015384615384615385
0 0.7610576923076923 0.022115384615384617 0.015384615384615385 0.015384615384615385
0 0.7375 0.21057692307692308 0.015384615384615385 0.015865384615384615
0 0.520673076923077 0.5663461538461538 0.015865384615384615 0.016346153846153847
0 0.35 0.46826923076923077 0.016346153846153847 0.016346153846153847
0 0.26298076923076924 0.8418269230769231 0.013461538461538462 0.0125
0 0.2485576923076923 0.5509615384615385 0.014903846153846155 0.015384615384615385
0 0.8158653846153846 0.6855769230769231 0.014423076923076924 0.013942307692307693
0 0.4740384615384615 0.7216346153846154 0.014903846153846155 0.014903846153846155
0 0.39375 0.7504807692307692 0.013942307692307693 0.014903846153846155
0 0.5350961538461538 0.6072115384615384 0.013942307692307693 0.013942307692307693
0 0.6725961538461539 0.12788461538461537 0.014903846153846155 0.015384615384615385
0 0.5389423076923077 0.14951923076923077 0.012980769230769231 0.013461538461538462
0 0.7951923076923076 0.6745192307692308 0.014903846153846155 0.014903846153846155
0 0.6870192307692308 0.3836538461538462 0.014903846153846155 0.014903846153846155
0 0.18653846153846154 0.8105769230769231 0.015865384615384615 0.016826923076923076
0 0.42980769230769234 0.6110576923076924 0.015865384615384615 0.015865384615384615
0 0.8557692307692307 0.4 0.014903846153846155 0.015384615384615385
0 0.4355769230769231 0.5336538461538461 0.014903846153846155 0.015384615384615385
0 0.7052884615384616 0.8629807692307693 0.015384615384615385 0.015384615384615385
0 0.6048076923076923 0.4653846153846154 0.016346153846153847 0.016826923076923076
0 0.8610576923076924 0.4110576923076923 0.014423076923076924 0.014903846153846155
0 0.5552884615384616 0.3783653846153846 0.014423076923076924 0.015384615384615385
0 0.18365384615384617 0.8365384615384616 0.013461538461538462 0.013461538461538462
0 0.791826923076923 0.6024038461538461 0.0125 0.012980769230769231
0 0.739423076923077 0.16009615384615383 0.017788461538461538 0.016826923076923076
0 0.18942307692307692 0.8442307692307692 0.0125 0.01201923076923077
0 0.23076923076923078 0.375 0.021634615384615384 0.021634615384615384
0 0.5947115384615385 0.4668269230769231 0.021634615384615384 0.021634615384615384
0 0.6697115384615384 0.5759615384615384 0.021153846153846155 0.021153846153846155
0 0.35384615384615387 0.5548076923076923 0.021634615384615384 0.021153846153846155
0 0.5682692307692307 0.5533653846153846 0.021634615384615384 0.021153846153846155
