0 0.10240384615384615 0.1283653846153846 0.0125 0.013461538461538462
0 0.023076923076923078 0.2668269230769231 0.013942307692307693 0.013942307692307693
0 0.027403846153846154 0.1293269230769231 0.01201923076923077 0.01201923076923077
0 0.6216346153846154 0.025 0.013942307692307693 0.014423076923076924
0 0.5966346153846154 0.11298076923076923 0.014423076923076924 0.013942307692307693
0 0.21875 0.06875 0.012980769230769231 0.013461538461538462
0 0.5855769230769231 0.047115384615384615 0.013461538461538462 0.013461538461538462
0 0.7716346153846154 0.028365384615384615 0.010576923076923078 0.011057692307692308
0 0.09230769230769231 0.2639423076923077 0.01201923076923077 0.01201923076923077
0 0.5961538461538461 0.06875 0.0125 0.012980769230769231
0 0.20336538461538461 0.34278846153846154 0.012980769230769231 0.012980769230769231
0 0.46057692307692305 0.03028846153846154 0.009615384615384616 0.011057692307692308
0 0.5706730769230769 0.21971153846153846 0.014903846153846155 0.015865384615384615
0 0.21778846153846154 0.23509615384615384 0.013942307692307693 0.013942307692307693
0 0.6052884615384615 0.2658653846153846 0.010576923076923078 0.011057692307692308
0 0.3019230769230769 0.14615384615384616 0.0125 0.012980769230769231
0 0.38798076923076924 0.24519230769230768 0.011538461538461539 0.011538461538461539
0 0.7163461538461539 0.3057692307692308 0.010576923076923078 0.011057692307692308
0 0.6384615384615384 0.1971153846153846 0.012980769230769231 0.0125
0 0.45576923076923076 0.07451923076923077 0.013942307692307693 0.013942307692307693
0 0.35673076923076924 0.09134615384615384 0.01201923076923077 0.0125
0 0.583173076923077 0.09567307692307692 0.015865384615384615 0.015865384615384615
0 0.6427884615384616 0.14278846153846153 0.013461538461538462 0.013461538461538462
0 0.5389423076923077 0.10528846153846154 0.014903846153846155 0.015865384615384615
0 0.1639423076923077 0.20048076923076924 0.021634615384615384 0.021634615384615384
0 0.24326923076923077 0.25240384615384615 0.021634615384615384 0.022115384615384617
