0 0.2673076923076923 0.36923076923076925 0.01730769230769231 0.01875
0 0.45625 0.21346153846153845 0.016826923076923076 0.01826923076923077
0 0.4581730769230769 0.11298076923076923 0.016826923076923076 0.01730769230769231
0 0.17163461538461539 0.11057692307692307 0.01730769230769231 0.01730769230769231
0 0.58125 0.19567307692307692 0.015384615384615385 0.016346153846153847
0 0.39663461538461536 0.023076923076923078 0.016826923076923076 0.016826923076923076
0 0.31826923076923075 0.48509615384615384 0.016826923076923076 0.017788461538461538
0 0.49759615384615385 0.13701923076923078 0.016346153846153847 0.01730769230769231
0 0.19375 0.541826923076923 0.0125 0.021634615384615384
0 0.60625 0.14471153846153847 0.016826923076923076 0.01826923076923077
0 0.4831730769230769 0.65 0.016346153846153847 0.016346153846153847
0 0.645673076923077 0.07259615384615385 0.016826923076923076 0.015865384615384615
0 0.24519230769230768 0.08798076923076924 0.01730769230769231 0.01730769230769231
0 0.4206730769230769 0.425 0.015384615384615385 0.015865384615384615
0 0.7788461538461539 0.02403846153846154 0.016346153846153847 0.01826923076923077
0 0.3975961538461538 0.17548076923076922 0.015865384615384615 0.017788461538461538
0 0.5572115384615385 0.03125 0.014903846153846155 0.015865384615384615
0 0.666826923076923 0.08269230769230769 0.015384615384615385 0.014903846153846155
0 0.7600961538461538 0.04278846153846154 0.017788461538461538 0.019230769230769232
0 0.7028846153846153 0.011538461538461539 0.016346153846153847 0.01875
0 0.4774038461538462 0.08990384615384615 0.01826923076923077 0.017788461538461538
0 0.7576923076923077 0.7764423076923077 0.015384615384615385 0.015865384615384615
0 0.6375 0.06538461538461539 0.017788461538461538 0.016826923076923076
0 0.20576923076923076 0.03173076923076923 0.015865384615384615 0.01826923076923077
0 0.3798076923076923 0.04951923076923077 0.016346153846153847 0.01730769230769231
0 0.42932692307692305 0.45048076923076924 0.01730769230769231 0.01730769230769231
0 0.34951923076923075 0.09807692307692308 0.01971153846153846 0.01971153846153846
0 0.6317307692307692 0.04519230769230769 0.01971153846153846 0.020192307692307693
0 0.43125 0.43990384615384615 0.01971153846153846 0.020192307692307693
