0 0.7894230769230769 0.47307692307692306 0.014903846153846155 0.015865384615384615
0 0.5610576923076923 0.37932692307692306 0.015865384615384615 0.016346153846153847
0 0.39326923076923076 0.45096153846153847 0.014903846153846155 0.015384615384615385
0 0.8528846153846154 0.47596153846153844 0.013942307692307693 0.014423076923076924
0 0.06923076923076923 0.05673076923076923 0.015384615384615385 0.015865384615384615
0 0.7663461538461539 0.4110576923076923 0.01730769230769231 0.016826923076923076
0 0.13653846153846153 0.31971153846153844 0.014423076923076924 0.014903846153846155
0 0.6543269230769231 0.08846153846153847 0.015865384615384615 0.015865384615384615
0 0.6802884615384616 0.3038461538461538 0.013942307692307693 0.016346153846153847
0 0.14182692307692307 0.6225961538461539 0.013461538461538462 0.013942307692307693
0 0.8769230769230769 0.03173076923076923 0.014903846153846155 0.015865384615384615
0 0.8567307692307692 0.10673076923076923 0.01826923076923077 0.01826923076923077
0 0.09567307692307692 0.4216346153846154 0.013942307692307693 0.014423076923076924
0 0.7350961538461539 0.4908653846153846 0.014423076923076924 0.015384615384615385
0 0.6850961538461539 0.2548076923076923 0.013942307692307693 0.014423076923076924
0 0.7221153846153846 0.26346153846153847 0.015384615384615385 0.016346153846153847
0 0.10240384615384615 0.45096153846153847 0.013461538461538462 0.013461538461538462
0 0.7418269230769231 0.520673076923077 0.016826923076923076 0.016346153846153847
0 0.7807692307692308 0.55625 0.015384615384615385 0.015865384615384615
0 0.760576923076923 0.5543269230769231 0.015384615384615385 0.015865384615384615
0 0.12307692307692308 0.11490384615384615 0.016346153846153847 0.01730769230769231
0 0.7298076923076923 0.5701923076923077 0.015865384615384615 0.015865384615384615
0 0.2125 0.24326923076923077 0.016826923076923076 0.01730769230769231
0 0.15240384615384617 0.24903846153846154 0.01730769230769231 0.017788461538461538
0 0.7701923076923077 0.4081730769230769 0.021153846153846155 0.020673076923076922
0 0.7552884615384615 0.4125 0.020673076923076922 0.020673076923076922
