0 0.25384615384615383 0.016346153846153847 0.010096153846153847 0.010096153846153847
0 0.6418269230769231 0.46057692307692305 0.011538461538461539 0.011538461538461539
0 0.33413461538461536 0.01730769230769231 0.01201923076923077 0.011538461538461539
0 0.8341346153846154 0.2264423076923077 0.012980769230769231 0.0125
0 0.44471153846153844 0.47692307692307695 0.010576923076923078 0.011538461538461539
0 0.2173076923076923 0.4846153846153846 0.011538461538461539 0.013461538461538462
0 0.2793269230769231 0.3456730769230769 0.010576923076923078 0.011057692307692308
0 0.2519230769230769 0.41634615384615387 0.0125 0.013461538461538462
0 0.3004807692307692 0.5826923076923077 0.0057692307692307696 0.00625
0 0.3629807692307692 0.6846153846153846 0.013461538461538462 0.014423076923076924
0 0.6375 0.19375 0.011538461538461539 0.011057692307692308
0 0.22163461538461537 0.29423076923076924 0.013461538461538462 0.013461538461538462
0 0.8298076923076924 0.08461538461538462 0.009615384615384616 0.010096153846153847
0 0.4740384615384615 0.07067307692307692 0.0125 0.013461538461538462
0 0.35528846153846155 0.4706730769230769 0.011538461538461539 0.013461538461538462
0 0.33125 0.24807692307692308 0.012980769230769231 0.014423076923076924
0 0.6004807692307692 0.4110576923076923 0.011538461538461539 0.012980769230769231
0 0.22403846153846155 0.15576923076923077 0.010576923076923078 0.011538461538461539
0 0.7432692307692308 0.17884615384615385 0.010576923076923078 0.011057692307692308
0 0.15817307692307692 0.4201923076923077 0.0125 0.013461538461538462
0 0.37067307692307694 0.08653846153846154 0.011538461538461539 0.011057692307692308
0 0.4149038461538462 0.13076923076923078 0.005288461538461539 0.004807692307692308
0 0.48509615384615384 0.12692307692307692 0.006730769230769231 0.006730769230769231
0 0.31490384615384615 0.13701923076923078 0.004807692307692308 0.006730769230769231
0 0.3697115384615385 0.20288461538461539 0.006730769230769231 0.006730769230769231
0 0.7144230769230769 0.4581730769230769 0.007211538461538462 0.006730769230769231
0 0.5692307692307692 0.3975961538461538 0.014423076923076924 0.014423076923076924
0 0.2932692307692308 0.5110576923076923 0.0125 0.013461538461538462
0 0.7951923076923076 0.15576923076923077 0.011057692307692308 0.011538461538461539
0 0.5879807692307693 0.06923076923076923 0.01201923076923077 0.011057692307692308
0 0.53125 0.4307692307692308 0.0057692307692307696 0.00625
0 0.6269230769230769 0.26009615384615387 0.008653846153846154 0.009615384615384616
0 0.6375 0.6932692307692307 0.006730769230769231 0.00625
0 0.7591346153846154 0.08413461538461539 0.009615384615384616 0.011057692307692308
0 0.45240384615384616 0.42788461538461536 0.01201923076923077 0.0125
0 0.8 0.11346153846153846 0.006730769230769231 0.007692307692307693
0 0.5706730769230769 0.3423076923076923 0.011538461538461539 0.011538461538461539
0 0.7697115384615385 0.38221153846153844 0.007692307692307693 0.007692307692307693
0 0.3 0.21153846153846154 0.00625 0.006730769230769231
0 0.5379807692307692 0.3697115384615385 0.005288461538461539 0.0057692307692307696
0 0.4394230769230769 0.07451923076923077 0.011057692307692308 0.0125
0 0.39326923076923076 0.23846153846153847 0.010096153846153847 0.010576923076923078
0 0.2932692307692308 0.16634615384615384 0.007211538461538462 0.006730769230769231
0 0.2230769230769231 0.21778846153846154 0.010096153846153847 0.013942307692307693
0 0.30817307692307694 0.07884615384615384 0.009134615384615385 0.007692307692307693
0 0.2701923076923077 0.1360576923076923 0.01730769230769231 0.016826923076923076
0 0.2875 0.05721153846153846 0.009134615384615385 0.009615384615384616
0 0.33221153846153845 0.6211538461538462 0.011057692307692308 0.011057692307692308
0 0.20336538461538461 0.23365384615384616 0.008653846153846154 0.009615384615384616
0 0.33798076923076925 0.06153846153846154 0.011057692307692308 0.012980769230769231
0 0.3466346153846154 0.4807692307692308 0.005288461538461539 0.005288461538461539
0 0.34615384615384615 0.6245192307692308 0.009134615384615385 0.008173076923076924
0 0.4182692307692308 0.1375 0.007211538461538462 0.004326923076923077
0 0.31634615384615383 0.057692307692307696 0.01875 0.01875
