0 0.4206730769230769 0.19615384615384615 0.016346153846153847 0.019230769230769232
0 0.2201923076923077 0.6519230769230769 0.01730769230769231 0.016346153846153847
0 0.028365384615384615 0.7216346153846154 0.016346153846153847 0.016826923076923076
0 0.08125 0.510576923076923 0.01730769230769231 0.016346153846153847
0 0.7336538461538461 0.8894230769230769 0.01730769230769231 0.016346153846153847
0 0.12548076923076923 0.8711538461538462 0.016346153846153847 0.01826923076923077
0 0.44326923076923075 0.7764423076923077 0.016826923076923076 0.016346153846153847
0 0.3528846153846154 0.9355769230769231 0.01730769230769231 0.016346153846153847
0 0.5807692307692308 0.9283653846153846 0.016826923076923076 0.020192307692307693
0 0.31153846153846154 0.6048076923076923 0.01730769230769231 0.017788461538461538
0 0.3490384615384615 0.8942307692307693 0.016346153846153847 0.015865384615384615
0 0.3716346153846154 0.6971153846153846 0.016826923076923076 0.017788461538461538
0 0.022115384615384617 0.7927884615384615 0.016346153846153847 0.016826923076923076
0 0.2846153846153846 0.7307692307692307 0.015384615384615385 0.015865384615384615
0 0.075 0.9067307692307692 0.016346153846153847 0.017788461538461538
0 0.7197115384615385 0.8120192307692308 0.016826923076923076 0.016826923076923076
0 0.7759615384615385 0.4701923076923077 0.01826923076923077 0.01826923076923077
0 0.14471153846153847 0.7307692307692307 0.016346153846153847 0.01826923076923077
0 0.8182692307692307 0.7971153846153847 0.01730769230769231 0.016346153846153847
0 0.8221153846153846 0.4980769230769231 0.016826923076923076 0.020192307692307693
0 0.6326923076923077 0.5956730769230769 0.016346153846153847 0.017788461538461538
0 0.3735576923076923 0.9076923076923077 0.01730769230769231 0.01875
0 0.6485576923076923 0.8961538461538462 0.016826923076923076 0.019230769230769232
0 0.5932692307692308 0.8966346153846154 0.016346153846153847 0.015865384615384615
0 0.6384615384615384 0.8841346153846154 0.016346153846153847 0.015384615384615385
0 0.3716346153846154 0.8966346153846154 0.01730769230769231 0.01826923076923077
0 0.5913461538461539 0.9293269230769231 0.014423076923076924 0.017788461538461538
0 0.17211538461538461 0.33028846153846153 0.020673076923076922 0.020192307692307693
0 0.06442307692307692 0.8504807692307692 0.020673076923076922 0.020673076923076922
0 0.6014423076923077 0.8586538461538461 0.020192307692307693 0.020192307692307693
