0 0.020673076923076922 0.20865384615384616 0.014423076923076924 0.015384615384615385
0 0.3456730769230769 0.26875 0.01730769230769231 0.01730769230769231
0 0.05576923076923077 0.2923076923076923 0.014903846153846155 0.015865384615384615
0 0.07740384615384616 0.604326923076923 0.013461538461538462 0.014423076923076924
0 0.22548076923076923 0.8014423076923077 0.015865384615384615 0.016346153846153847
0 0.29375 0.5600961538461539 0.014423076923076924 0.014903846153846155
0 0.09807692307692308 0.052403846153846155 0.014903846153846155 0.015865384615384615
0 0.14086538461538461 0.7038461538461539 0.015865384615384615 0.016826923076923076
0 0.19423076923076923 0.8711538461538462 0.014903846153846155 0.015384615384615385
0 0.14759615384615385 0.775 0.015384615384615385 0.015865384615384615
0 0.11923076923076924 0.4980769230769231 0.015384615384615385 0.015865384615384615
0 0.13076923076923078 0.3644230769230769 0.014903846153846155 0.015384615384615385
0 0.2875 0.8663461538461539 0.014903846153846155 0.015384615384615385
0 0.09663461538461539 0.8096153846153846 0.016346153846153847 0.016826923076923076
0 0.16971153846153847 0.04471153846153846 0.015865384615384615 0.016346153846153847
0 0.08846153846153847 0.823076923076923 0.015384615384615385 0.015865384615384615
0 0.09471153846153846 0.6625 0.014903846153846155 0.016346153846153847
0 0.10625 0.6682692307692307 0.015865384615384615 0.015384615384615385
0 0.1201923076923077 0.5153846153846153 0.013942307692307693 0.014423076923076924
0 0.11442307692307692 0.5072115384615384 0.014903846153846155 0.014903846153846155
0 0.30240384615384613 0.49903846153846154 0.020673076923076922 0.021153846153846155
