0 0.625 0.6254807692307692 0.011538461538461539 0.012980769230769231
0 0.24951923076923077 0.6951923076923077 0.011538461538461539 0.011538461538461539
0 0.7716346153846154 0.31682692307692306 0.013461538461538462 0.012980769230769231
0 0.6466346153846154 0.9048076923076923 0.013461538461538462 0.013942307692307693
0 0.19759615384615384 0.6836538461538462 0.011538461538461539 0.011538461538461539
0 0.7192307692307692 0.7725961538461539 0.011057692307692308 0.011538461538461539
0 0.7197115384615385 0.07451923076923077 0.013461538461538462 0.012980769230769231
0 0.05913461538461538 0.6019230769230769 0.013461538461538462 0.015384615384615385
0 0.48125 0.2403846153846154 0.011538461538461539 0.011538461538461539
0 0.2841346153846154 0.75 0.011057692307692308 0.01201923076923077
0 0.03221153846153846 0.45625 0.011538461538461539 0.0125
0 0.15576923076923077 0.5711538461538461 0.0125 0.0125
0 0.7355769230769231 0.2725961538461538 0.011057692307692308 0.012980769230769231
0 0.38269230769230766 0.6490384615384616 0.012980769230769231 0.012980769230769231
0 0.3038461538461538 0.5817307692307693 0.014423076923076924 0.014903846153846155
0 0.04230769230769231 0.3951923076923077 0.011538461538461539 0.011538461538461539
0 0.40625 0.22451923076923078 0.011057692307692308 0.011057692307692308
0 0.09759615384615385 0.864423076923077 0.01201923076923077 0.012980769230769231
0 0.6682692307692307 0.43317307692307694 0.011057692307692308 0.012980769230769231
0 0.48701923076923076 0.20288461538461539 0.010096153846153847 0.011538461538461539
0 0.6197115384615385 0.10048076923076923 0.012980769230769231 0.0125
0 0.28894230769230766 0.17884615384615385 0.010576923076923078 0.010576923076923078
0 0.33798076923076925 0.7024038461538461 0.010576923076923078 0.011057692307692308
0 0.7466346153846154 0.09230769230769231 0.012980769230769231 0.012980769230769231
0 0.6860576923076923 0.08942307692307692 0.01201923076923077 0.011057692307692308
0 0.7995192307692308 0.9048076923076923 0.01201923076923077 0.01201923076923077
0 0.6004807692307692 0.44182692307692306 0.010096153846153847 0.010096153846153847
0 0.1971153846153846 0.8384615384615385 0.011057692307692308 0.010576923076923078
0 0.23798076923076922 0.5567307692307693 0.010096153846153847 0.01201923076923077
0 0.6706730769230769 0.19615384615384615 0.011057692307692308 0.011057692307692308
0 0.2125 0.5504807692307693 0.011057692307692308 0.010576923076923078
0 0.2620192307692308 0.5038461538461538 0.010576923076923078 0.011057692307692308
0 0.5081730769230769 0.15 0.010096153846153847 0.010576923076923078
0 0.645673076923077 0.18509615384615385 0.009615384615384616 0.010096153846153847
0 0.12259615384615384 0.6971153846153846 0.011538461538461539 0.012980769230769231
0 0.11730769230769231 0.8038461538461539 0.010576923076923078 0.011538461538461539
0 0.3057692307692308 0.7211538461538461 0.013461538461538462 0.014423076923076924
0 0.11682692307692308 0.25769230769230766 0.011538461538461539 0.011538461538461539
0 0.7240384615384615 0.6336538461538461 0.012980769230769231 0.0125
0 0.45576923076923076 0.46105769230769234 0.012980769230769231 0.01201923076923077
0 0.11490384615384615 0.06490384615384616 0.010096153846153847 0.011538461538461539
0 0.7182692307692308 0.1971153846153846 0.01201923076923077 0.01201923076923077
0 0.5163461538461539 0.013942307692307693 0.012980769230769231 0.013942307692307693
0 0.51875 0.41778846153846155 0.011057692307692308 0.012980769230769231
0 0.6245192307692308 0.42403846153846153 0.011057692307692308 0.012980769230769231
0 0.7543269230769231 0.38076923076923075 0.010096153846153847 0.0125
0 0.7875 0.7365384615384616 0.012980769230769231 0.013461538461538462
0 0.3019230769230769 0.2125 0.011538461538461539 0.011538461538461539
0 0.27740384615384617 0.5533653846153846 0.014423076923076924 0.013942307692307693
0 0.5081730769230769 0.5538461538461539 0.011538461538461539 0.013942307692307693
0 0.6033653846153846 0.2706730769230769 0.011538461538461539 0.011538461538461539
0 0.46971153846153846 0.09375 0.010096153846153847 0.010096153846153847
0 0.31201923076923077 0.6923076923076923 0.010576923076923078 0.0125
0 0.7120192307692308 0.8091346153846154 0.013942307692307693 0.013461538461538462
0 0.7197115384615385 0.36923076923076925 0.011057692307692308 0.010576923076923078
0 0.44519230769230766 0.07163461538461538 0.011538461538461539 0.01201923076923077
0 0.061057692307692306 0.7658653846153847 0.010576923076923078 0.010096153846153847
0 0.3490384615384615 0.51875 0.009615384615384616 0.009615384615384616
0 0.44134615384615383 0.17692307692307693 0.009615384615384616 0.010096153846153847
0 0.24759615384615385 0.13557692307692307 0.01201923076923077 0.012980769230769231
0 0.8043269230769231 0.48701923076923076 0.010096153846153847 0.011057692307692308
0 0.6485576923076923 0.2326923076923077 0.0125 0.01201923076923077
0 0.7711538461538462 0.11875 0.011057692307692308 0.011538461538461539
0 0.1625 0.7653846153846153 0.013461538461538462 0.012980769230769231
0 0.07307692307692308 0.38461538461538464 0.010096153846153847 0.01201923076923077
0 0.5100961538461538 0.04951923076923077 0.010576923076923078 0.011057692307692308
0 0.11153846153846154 0.37115384615384617 0.010096153846153847 0.010096153846153847
0 0.6581730769230769 0.46105769230769234 0.013461538461538462 0.013942307692307693
0 0.5567307692307693 0.08365384615384615 0.010576923076923078 0.011538461538461539
0 0.47259615384615383 0.14038461538461539 0.010576923076923078 0.011057692307692308
0 0.07451923076923077 0.07932692307692307 0.013461538461538462 0.012980769230769231
0 0.32596153846153847 0.29951923076923076 0.010576923076923078 0.011538461538461539
0 0.6086538461538461 0.4826923076923077 0.011538461538461539 0.01201923076923077
0 0.4322115384615385 0.37740384615384615 0.01201923076923077 0.012980769230769231
0 0.2725961538461538 0.4533653846153846 0.013942307692307693 0.013461538461538462
0 0.8129807692307692 0.5120192307692307 0.011538461538461539 0.010576923076923078
0 0.038461538461538464 0.12692307692307692 0.011538461538461539 0.011057692307692308
0 0.2625 0.28894230769230766 0.009134615384615385 0.011057692307692308
0 0.6778846153846154 0.5264423076923077 0.010096153846153847 0.01201923076923077
0 0.7716346153846154 0.02980769230769231 0.011538461538461539 0.0125
0 0.3408653846153846 0.22259615384615383 0.009615384615384616 0.009134615384615385
0 0.020192307692307693 0.27548076923076925 0.013461538461538462 0.013942307692307693
0 0.05576923076923077 0.175 0.01201923076923077 0.013942307692307693
0 0.2841346153846154 0.23846153846153847 0.010576923076923078 0.009615384615384616
0 0.4774038461538462 0.41875 0.0125 0.01201923076923077
0 0.26009615384615387 0.10817307692307693 0.01201923076923077 0.012980769230769231
0 0.3956730769230769 0.0673076923076923 0.01201923076923077 0.013461538461538462
0 0.13990384615384616 0.4326923076923077 0.011057692307692308 0.011057692307692308
0 0.44567307692307695 0.5673076923076923 0.01201923076923077 0.011538461538461539
0 0.6317307692307692 0.46875 0.0125 0.012980769230769231
0 0.5817307692307693 0.2778846153846154 0.0125 0.013461538461538462
0 0.7995192307692308 0.5759615384615384 0.013461538461538462 0.013942307692307693
0 0.1798076923076923 0.023076923076923078 0.012980769230769231 0.012980769230769231
0 0.10480769230769231 0.6177884615384616 0.013942307692307693 0.01201923076923077
0 0.03413461538461538 0.2923076923076923 0.011538461538461539 0.011057692307692308
0 0.2865384615384615 0.2985576923076923 0.0125 0.014903846153846155
0 0.13413461538461538 0.3764423076923077 0.01201923076923077 0.012980769230769231
0 0.5254807692307693 0.33557692307692305 0.014423076923076924 0.013942307692307693
0 0.23942307692307693 0.28846153846153844 0.011538461538461539 0.011538461538461539
0 0.375 0.038461538461538464 0.014423076923076924 0.0125
0 0.2932692307692308 0.4461538461538462 0.014423076923076924 0.013461538461538462
0 0.3418269230769231 0.1918269230769231 0.012980769230769231 0.013461538461538462
0 0.058653846153846154 0.10625 0.011057692307692308 0.010576923076923078
0 0.08173076923076923 0.33798076923076925 0.011057692307692308 0.010096153846153847
0 0.08221153846153846 0.41442307692307695 0.013461538461538462 0.013942307692307693
0 0.3 0.10865384615384616 0.010576923076923078 0.011538461538461539
0 0.42932692307692305 0.575 0.01201923076923077 0.013461538461538462
0 0.7336538461538461 0.15336538461538463 0.011538461538461539 0.010576923076923078
0 0.3860576923076923 0.4076923076923077 0.01201923076923077 0.011538461538461539
0 0.11682692307692308 0.4115384615384615 0.013461538461538462 0.012980769230769231
0 0.8028846153846154 0.07115384615384615 0.010096153846153847 0.009134615384615385
0 0.45625 0.35673076923076924 0.012980769230769231 0.012980769230769231
0 0.7480769230769231 0.2971153846153846 0.013461538461538462 0.012980769230769231
0 0.36923076923076925 0.5153846153846153 0.01201923076923077 0.01201923076923077
0 0.08221153846153846 0.32019230769230766 0.013942307692307693 0.013461538461538462
0 0.09519230769230769 0.11346153846153846 0.0125 0.013461538461538462
0 0.7942307692307692 0.125 0.013461538461538462 0.012980769230769231
0 0.3346153846153846 0.16826923076923078 0.010576923076923078 0.011057692307692308
0 0.7466346153846154 0.14375 0.013461538461538462 0.014903846153846155
0 0.3403846153846154 0.3014423076923077 0.0125 0.01201923076923077
0 0.3283653846153846 0.13557692307692307 0.020192307692307693 0.020192307692307693
0 0.31682692307692306 0.14375 0.020192307692307693 0.020192307692307693
0 0.33942307692307694 0.15 0.020192307692307693 0.01971153846153846
0 0.3264423076923077 0.18798076923076923 0.020192307692307693 0.020192307692307693
0 0.5528846153846154 0.16538461538461538 0.020192307692307693 0.020192307692307693
0 0.10336538461538461 0.4254807692307692 0.020192307692307693 0.020192307692307693
0 0.29134615384615387 0.46153846153846156 0.01971153846153846 0.020192307692307693
0 0.37451923076923077 0.49759615384615385 0.020192307692307693 0.020192307692307693
0 0.6524038461538462 0.5216346153846154 0.020192307692307693 0.020192307692307693
0 0.1889423076923077 0.6461538461538462 0.020192307692307693 0.020192307692307693
0 0.21778846153846154 0.7221153846153846 0.020192307692307693 0.020192307692307693
