0 0.6822115384615385 0.4009615384615385 0.011057692307692308 0.011538461538461539
0 0.22740384615384615 0.34759615384615383 0.0125 0.012980769230769231
0 0.44326923076923075 0.48125 0.0125 0.013461538461538462
0 0.31153846153846154 0.5447115384615384 0.01201923076923077 0.012980769230769231
0 0.3144230769230769 0.6716346153846153 0.01201923076923077 0.0125
0 0.3918269230769231 0.5644230769230769 0.010576923076923078 0.011057692307692308
0 0.30096153846153845 0.029326923076923077 0.013461538461538462 0.013942307692307693
0 0.6096153846153847 0.6375 0.014423076923076924 0.013461538461538462
0 0.21298076923076922 0.4581730769230769 0.0125 0.012980769230769231
0 0.5259615384615385 0.5447115384615384 0.011057692307692308 0.01201923076923077
0 0.45576923076923076 0.6168269230769231 0.020673076923076922 0.020673076923076922
