0 0.3490384615384615 0.4774038461538462 0.013942307692307693 0.013942307692307693
0 0.03461538461538462 0.5197115384615385 0.013942307692307693 0.014423076923076924
0 0.19615384615384615 0.5168269230769231 0.014423076923076924 0.014423076923076924
0 0.2173076923076923 0.40673076923076923 0.015384615384615385 0.015865384615384615
0 0.13413461538461538 0.5086538461538461 0.013942307692307693 0.014903846153846155
0 0.0125 0.41057692307692306 0.014423076923076924 0.014903846153846155
0 0.4423076923076923 0.28557692307692306 0.013461538461538462 0.013461538461538462
0 0.10192307692307692 0.23990384615384616 0.013942307692307693 0.014903846153846155
0 0.8139423076923077 0.20384615384615384 0.012980769230769231 0.013461538461538462
0 0.3716346153846154 0.5543269230769231 0.012980769230769231 0.012980769230769231
0 0.42259615384615384 0.2903846153846154 0.014423076923076924 0.015384615384615385
0 0.06826923076923076 0.41586538461538464 0.013461538461538462 0.012980769230769231
0 0.44519230769230766 0.4658653846153846 0.014903846153846155 0.014903846153846155
0 0.16971153846153847 0.5807692307692308 0.014423076923076924 0.014903846153846155
0 0.22596153846153846 0.07740384615384616 0.01826923076923077 0.01875
0 0.1918269230769231 0.1423076923076923 0.01875 0.01875
0 0.3177884615384615 0.1485576923076923 0.01875 0.01826923076923077
0 0.3144230769230769 0.2899038461538462 0.01875 0.01875
0 0.5125 0.3278846153846154 0.01875 0.01875
0 0.2701923076923077 0.5495192307692308 0.01875 0.01875
0 0.6783653846153846 0.5841346153846154 0.01875 0.01875
