0 0.2091346153846154 0.5081730769230769 0.010096153846153847 0.009615384615384616
0 0.16923076923076924 0.2793269230769231 0.010096153846153847 0.010096153846153847
0 0.1389423076923077 0.6091346153846153 0.009134615384615385 0.008653846153846154
0 0.21201923076923077 0.5735576923076923 0.012980769230769231 0.013461538461538462
0 0.07692307692307693 0.11730769230769231 0.011057692307692308 0.01201923076923077
0 0.12307692307692308 0.23461538461538461 0.010576923076923078 0.010096153846153847
0 0.3033653846153846 0.8740384615384615 0.01201923076923077 0.013461538461538462
0 0.4115384615384615 0.7850961538461538 0.013461538461538462 0.013461538461538462
0 0.4355769230769231 0.2264423076923077 0.010096153846153847 0.010096153846153847
0 0.35144230769230766 0.5932692307692308 0.009615384615384616 0.011538461538461539
0 0.09711538461538462 0.8384615384615385 0.004326923076923077 0.004807692307692308
0 0.5913461538461539 0.22548076923076923 0.011057692307692308 0.010576923076923078
0 0.6120192307692308 0.3408653846153846 0.012980769230769231 0.012980769230769231
0 0.7524038461538461 0.11586538461538462 0.005288461538461539 0.005288461538461539
0 0.6596153846153846 0.5100961538461538 0.011057692307692308 0.011057692307692308
0 0.3057692307692308 0.14182692307692307 0.0057692307692307696 0.00625
0 0.4600961538461538 0.31153846153846154 0.0057692307692307696 0.00625
0 0.3139423076923077 0.6288461538461538 0.0057692307692307696 0.00625
0 0.6153846153846154 0.6697115384615384 0.011057692307692308 0.010576923076923078
0 0.30673076923076925 0.6865384615384615 0.010576923076923078 0.01201923076923077
0 0.5149038461538461 0.03461538461538462 0.01201923076923077 0.011538461538461539
0 0.4576923076923077 0.5658653846153846 0.010576923076923078 0.010576923076923078
0 0.39663461538461536 0.7490384615384615 0.011538461538461539 0.013461538461538462
0 0.6052884615384615 0.7115384615384616 0.010576923076923078 0.010096153846153847
0 0.27692307692307694 0.4096153846153846 0.010576923076923078 0.01201923076923077
0 0.5293269230769231 0.1908653846153846 0.009615384615384616 0.010096153846153847
0 0.09086538461538461 0.16826923076923078 0.009134615384615385 0.009615384615384616
0 0.11490384615384615 0.4149038461538462 0.011057692307692308 0.011538461538461539
0 0.7413461538461539 0.9048076923076923 0.010576923076923078 0.011538461538461539
0 0.5076923076923077 0.7692307692307693 0.011057692307692308 0.0125
0 0.5903846153846154 0.44567307692307695 0.013461538461538462 0.013461538461538462
0 0.5120192307692307 0.7528846153846154 0.0125 0.014423076923076924
0 0.68125 0.19471153846153846 0.01201923076923077 0.013461538461538462
0 0.5692307692307692 0.4394230769230769 0.010096153846153847 0.010576923076923078
0 0.6966346153846154 0.6894230769230769 0.019230769230769232 0.019230769230769232
0 0.70625 0.68125 0.019230769230769232 0.019230769230769232
