0 0.614423076923077 0.1 0.015384615384615385 0.015384615384615385
0 0.36730769230769234 0.6307692307692307 0.014903846153846155 0.015384615384615385
0 0.2466346153846154 0.5264423076923077 0.014423076923076924 0.015384615384615385
0 0.1908653846153846 0.3644230769230769 0.015384615384615385 0.015865384615384615
0 0.5865384615384616 0.45528846153846153 0.013942307692307693 0.014903846153846155
0 0.06586538461538462 0.5956730769230769 0.016346153846153847 0.015865384615384615
0 0.2639423076923077 0.058173076923076925 0.014423076923076924 0.014903846153846155
0 0.33942307692307694 0.1576923076923077 0.014423076923076924 0.016346153846153847
0 0.13317307692307692 0.6259615384615385 0.014423076923076924 0.016346153846153847
0 0.05096153846153846 0.19278846153846155 0.013942307692307693 0.015865384615384615
0 0.4091346153846154 0.39278846153846153 0.014423076923076924 0.014423076923076924
0 0.19951923076923078 0.5586538461538462 0.013461538461538462 0.014423076923076924
0 0.19471153846153846 0.16201923076923078 0.014423076923076924 0.015384615384615385
0 0.2764423076923077 0.20625 0.014423076923076924 0.014423076923076924
0 0.052884615384615384 0.40673076923076923 0.013461538461538462 0.013942307692307693
0 0.16923076923076924 0.64375 0.013461538461538462 0.012980769230769231
0 0.1519230769230769 0.06201923076923077 0.01971153846153846 0.01971153846153846
