0 0.027403846153846154 0.5865384615384616 0.0125 0.012980769230769231
0 0.6211538461538462 0.5644230769230769 0.01201923076923077 0.0125
0 0.22403846153846155 0.5918269230769231 0.015384615384615385 0.015384615384615385
0 0.7596153846153846 0.7192307692307692 0.013942307692307693 0.014423076923076924
0 0.24086538461538462 0.6673076923076923 0.011057692307692308 0.011057692307692308
0 0.7552884615384615 0.4355769230769231 0.013942307692307693 0.013942307692307693
0 0.49567307692307694 0.6192307692307693 0.013461538461538462 0.013461538461538462
0 0.6870192307692308 0.6625 0.011538461538461539 0.01201923076923077
0 0.2125 0.41057692307692306 0.011057692307692308 0.011538461538461539
0 0.6052884615384615 0.23461538461538461 0.011057692307692308 0.011538461538461539
0 0.27740384615384617 0.4427884615384615 0.012980769230769231 0.0125
0 0.7620192307692307 0.24711538461538463 0.016346153846153847 0.016346153846153847
0 0.14807692307692308 0.375 0.022115384615384617 0.022115384615384617
0 0.27692307692307694 0.48365384615384616 0.021634615384615384 0.021634615384615384
0 0.48653846153846153 0.71875 0.022115384615384617 0.021634615384615384
