0 0.11346153846153846 0.6413461538461539 0.015384615384615385 0.015865384615384615
0 0.23028846153846153 0.5413461538461538 0.013461538461538462 0.013942307692307693
0 0.03653846153846154 0.12692307692307692 0.013461538461538462 0.013942307692307693
0 0.4125 0.007692307692307693 0.0125 0.012980769230769231
0 0.08173076923076923 0.3490384615384615 0.012980769230769231 0.013942307692307693
0 0.19471153846153846 0.26875 0.014423076923076924 0.014903846153846155
0 0.03125 0.15240384615384617 0.015384615384615385 0.014903846153846155
0 0.2221153846153846 0.27355769230769234 0.012980769230769231 0.0125
0 0.19615384615384615 0.3975961538461538 0.0125 0.0125
0 0.10336538461538461 0.15048076923076922 0.014903846153846155 0.015384615384615385
0 0.2980769230769231 0.11538461538461539 0.013942307692307693 0.013461538461538462
0 0.28894230769230766 0.35096153846153844 0.013461538461538462 0.014423076923076924
0 0.061057692307692306 0.0889423076923077 0.013461538461538462 0.013942307692307693
0 0.08701923076923077 0.48173076923076924 0.014423076923076924 0.014903846153846155
0 0.027403846153846154 0.49759615384615385 0.013461538461538462 0.012980769230769231
0 0.01730769230769231 0.5528846153846154 0.012980769230769231 0.013461538461538462
0 0.3875 0.34471153846153846 0.014423076923076924 0.014423076923076924
0 0.23509615384615384 0.3581730769230769 0.013461538461538462 0.014903846153846155
0 0.03028846153846154 0.09278846153846154 0.01201923076923077 0.012980769230769231
0 0.20576923076923076 0.3682692307692308 0.013942307692307693 0.014423076923076924
0 0.44759615384615387 0.45384615384615384 0.014423076923076924 0.013942307692307693
0 0.36923076923076925 0.46105769230769234 0.015384615384615385 0.015384615384615385
0 0.21153846153846154 0.4841346153846154 0.013942307692307693 0.014423076923076924
