0 0.1625 0.3682692307692308 0.015865384615384615 0.016346153846153847
0 0.20288461538461539 0.3485576923076923 0.013461538461538462 0.012980769230769231
0 0.5115384615384615 0.5432692307692307 0.015384615384615385 0.015384615384615385
0 0.5322115384615385 0.32884615384615384 0.013461538461538462 0.013461538461538462
0 0.24278846153846154 0.6052884615384615 0.013942307692307693 0.013942307692307693
0 0.7466346153846154 0.17740384615384616 0.013942307692307693 0.013942307692307693
0 0.5697115384615384 0.2567307692307692 0.013461538461538462 0.013461538461538462
0 0.44134615384615383 0.5384615384615384 0.014423076923076924 0.014423076923076924
0 0.5870192307692308 0.5759615384615384 0.016346153846153847 0.016346153846153847
0 0.6990384615384615 0.19423076923076923 0.01201923076923077 0.01201923076923077
0 0.7759615384615385 0.29375 0.012980769230769231 0.013461538461538462
0 0.3264423076923077 0.4951923076923077 0.0125 0.012980769230769231
0 0.33942307692307694 0.666826923076923 0.015384615384615385 0.015865384615384615
0 0.36201923076923076 0.5846153846153846 0.014903846153846155 0.014903846153846155
