0 0.11538461538461539 0.5783653846153847 0.010096153846153847 0.011538461538461539
0 0.05336538461538461 0.8471153846153846 0.01201923076923077 0.011538461538461539
0 0.3245192307692308 0.052403846153846155 0.011057692307692308 0.01201923076923077
0 0.2653846153846154 0.29134615384615387 0.010576923076923078 0.012980769230769231
0 0.058173076923076925 0.1576923076923077 0.011057692307692308 0.011057692307692308
0 0.07355769230769231 0.47596153846153844 0.010096153846153847 0.010096153846153847
0 0.3466346153846154 0.06923076923076923 0.010576923076923078 0.0125
0 0.01971153846153846 0.30817307692307694 0.012980769230769231 0.013461538461538462
0 0.12211538461538461 0.09086538461538461 0.020673076923076922 0.020673076923076922
0 0.12884615384615383 0.10288461538461538 0.021153846153846155 0.021153846153846155
