0 0.38076923076923075 0.78125 0.016346153846153847 0.01730769230769231
0 0.5971153846153846 0.6283653846153846 0.01730769230769231 0.01826923076923077
0 0.3485576923076923 0.8798076923076923 0.01730769230769231 0.01826923076923077
0 0.4427884615384615 0.8668269230769231 0.01730769230769231 0.019230769230769232
0 0.5158653846153847 0.27355769230769234 0.017788461538461538 0.01971153846153846
0 0.6504807692307693 0.64375 0.016826923076923076 0.015865384615384615
0 0.6682692307692307 0.8692307692307693 0.01730769230769231 0.017788461538461538
0 0.7735576923076923 0.8163461538461538 0.015865384615384615 0.016826923076923076
0 0.48221153846153847 0.7793269230769231 0.017788461538461538 0.015865384615384615
0 0.1764423076923077 0.7740384615384616 0.015865384615384615 0.01730769230769231
0 0.36682692307692305 0.08413461538461539 0.015865384615384615 0.016826923076923076
0 0.42788461538461536 0.7100961538461539 0.016826923076923076 0.017788461538461538
0 0.21346153846153845 0.14423076923076922 0.017788461538461538 0.01875
0 0.70625 0.8649038461538462 0.015865384615384615 0.01730769230769231
0 0.011538461538461539 0.35096153846153844 0.016826923076923076 0.016826923076923076
0 0.6682692307692307 0.5456730769230769 0.016346153846153847 0.016346153846153847
0 0.6990384615384615 0.028846153846153848 0.016346153846153847 0.01730769230769231
0 0.2423076923076923 0.6206730769230769 0.016346153846153847 0.01730769230769231
0 0.4807692307692308 0.5432692307692307 0.01730769230769231 0.017788461538461538
0 0.15625 0.7485576923076923 0.016826923076923076 0.017788461538461538
0 0.6519230769230769 0.7653846153846153 0.016346153846153847 0.017788461538461538
0 0.6182692307692308 0.7870192307692307 0.015384615384615385 0.016826923076923076
0 0.5144230769230769 0.014903846153846155 0.015384615384615385 0.014903846153846155
0 0.4908653846153846 0.6158653846153846 0.015384615384615385 0.01730769230769231
0 0.02403846153846154 0.6581730769230769 0.015865384615384615 0.015384615384615385
0 0.10432692307692308 0.10240384615384615 0.017788461538461538 0.01826923076923077
0 0.3375 0.49951923076923077 0.014903846153846155 0.014423076923076924
0 0.7817307692307692 0.64375 0.015865384615384615 0.014903846153846155
0 0.5855769230769231 0.7139423076923077 0.016826923076923076 0.016826923076923076
0 0.34134615384615385 0.7442307692307693 0.016346153846153847 0.017788461538461538
0 0.2658653846153846 0.7100961538461539 0.016346153846153847 0.017788461538461538
0 0.6283653846153846 0.6932692307692307 0.015865384615384615 0.01730769230769231
0 0.44134615384615383 0.5735576923076923 0.016346153846153847 0.016346153846153847
0 0.5836538461538462 0.7802884615384615 0.016826923076923076 0.016346153846153847
0 0.7620192307692307 0.5850961538461539 0.015865384615384615 0.017788461538461538
0 0.7889423076923077 0.04326923076923077 0.015384615384615385 0.017788461538461538
0 0.5596153846153846 0.6528846153846154 0.016346153846153847 0.01826923076923077
0 0.4778846153846154 0.45096153846153847 0.015865384615384615 0.017788461538461538
0 0.7591346153846154 0.4980769230769231 0.015384615384615385 0.015865384615384615
0 0.5644230769230769 0.6634615384615384 0.016346153846153847 0.01730769230769231
0 0.027403846153846154 0.6677884615384615 0.016346153846153847 0.01730769230769231
0 0.6341346153846154 0.3629807692307692 0.015384615384615385 0.014423076923076924
0 0.6019230769230769 0.7836538461538461 0.01730769230769231 0.01826923076923077
0 0.5596153846153846 0.6326923076923077 0.020192307692307693 0.01971153846153846
0 0.5581730769230769 0.6485576923076923 0.01971153846153846 0.01971153846153846
0 0.6259615384615385 0.6889423076923077 0.020192307692307693 0.01971153846153846
0 0.6331730769230769 0.6995192307692307 0.01971153846153846 0.020192307692307693
0 0.7125 0.7163461538461539 0.020192307692307693 0.020192307692307693
