0 0.5735576923076923 0.6875 0.01201923076923077 0.0125
0 0.7764423076923077 0.43798076923076923 0.011057692307692308 0.011538461538461539
0 0.7134615384615385 0.3153846153846154 0.011538461538461539 0.012980769230769231
0 0.6399038461538461 0.54375 0.011538461538461539 0.01201923076923077
0 0.6951923076923077 0.3870192307692308 0.011538461538461539 0.0125
0 0.7826923076923077 0.5 0.01201923076923077 0.012980769230769231
0 0.7581730769230769 0.4480769230769231 0.01201923076923077 0.011538461538461539
0 0.7653846153846153 0.07307692307692308 0.0125 0.0125
0 0.7879807692307692 0.020192307692307693 0.011538461538461539 0.011538461538461539
0 0.8009615384615385 0.6774038461538462 0.011538461538461539 0.013461538461538462
0 0.24182692307692308 0.05625 0.01201923076923077 0.013942307692307693
0 0.5451923076923076 0.2778846153846154 0.011057692307692308 0.011538461538461539
0 0.7615384615384615 0.6432692307692308 0.011538461538461539 0.012980769230769231
0 0.7903846153846154 0.6966346153846154 0.012980769230769231 0.012980769230769231
0 0.6860576923076923 0.4461538461538462 0.011538461538461539 0.012980769230769231
0 0.6399038461538461 0.6663461538461538 0.011538461538461539 0.01201923076923077
0 0.8274038461538461 0.7086538461538462 0.01201923076923077 0.01201923076923077
0 0.6716346153846153 0.3860576923076923 0.011538461538461539 0.011538461538461539
0 0.7778846153846154 0.4706730769230769 0.01201923076923077 0.012980769230769231
0 0.8 0.37596153846153846 0.01201923076923077 0.01201923076923077
0 0.6317307692307692 0.5475961538461539 0.013461538461538462 0.013942307692307693
0 0.26634615384615384 0.20576923076923076 0.0125 0.013942307692307693
