0 0.07932692307692307 0.22884615384615384 0.015384615384615385 0.015865384615384615
0 0.29471153846153847 0.016826923076923076 0.015865384615384615 0.016346153846153847
0 0.14134615384615384 0.26971153846153845 0.015865384615384615 0.016346153846153847
0 0.019230769230769232 0.27163461538461536 0.01730769230769231 0.015865384615384615
0 0.4408653846153846 0.5490384615384616 0.014903846153846155 0.015384615384615385
0 0.08076923076923077 0.05384615384615385 0.016346153846153847 0.015865384615384615
0 0.39375 0.0125 0.014903846153846155 0.015384615384615385
0 0.18173076923076922 0.5302884615384615 0.015865384615384615 0.015865384615384615
0 0.1528846153846154 0.21971153846153846 0.016346153846153847 0.01730769230769231
0 0.5504807692307693 0.28076923076923077 0.013461538461538462 0.013942307692307693
0 0.09375 0.11009615384615384 0.014903846153846155 0.014903846153846155
0 0.7201923076923077 0.5014423076923077 0.016826923076923076 0.01730769230769231
0 0.7139423076923077 0.05 0.013942307692307693 0.013942307692307693
0 0.5379807692307692 0.19663461538461538 0.012980769230769231 0.013461538461538462
0 0.18846153846153846 0.19615384615384615 0.013942307692307693 0.013942307692307693
0 0.4048076923076923 0.3038461538461538 0.01730769230769231 0.01875
0 0.7365384615384616 0.09615384615384616 0.013942307692307693 0.013942307692307693
0 0.7014423076923076 0.20288461538461539 0.016826923076923076 0.016826923076923076
0 0.27884615384615385 0.20625 0.01971153846153846 0.020192307692307693
0 0.2865384615384615 0.1889423076923077 0.020192307692307693 0.01971153846153846
0 0.5153846153846153 0.2264423076923077 0.01971153846153846 0.01971153846153846
