0 0.49278846153846156 0.7586538461538461 0.010096153846153847 0.011538461538461539
0 0.4355769230769231 0.8269230769230769 0.009615384615384616 0.010096153846153847
0 0.03798076923076923 0.5230769230769231 0.011538461538461539 0.011538461538461539
0 0.3105769230769231 0.4533653846153846 0.010576923076923078 0.011538461538461539
0 0.19615384615384615 0.8596153846153847 0.010576923076923078 0.011057692307692308
0 0.30817307692307694 0.1918269230769231 0.010576923076923078 0.011538461538461539
0 0.32740384615384616 0.33076923076923076 0.010576923076923078 0.011538461538461539
0 0.2865384615384615 0.49567307692307694 0.011057692307692308 0.010576923076923078
0 0.3716346153846154 0.8740384615384615 0.011057692307692308 0.011538461538461539
0 0.3894230769230769 0.3096153846153846 0.010096153846153847 0.011057692307692308
0 0.4048076923076923 0.698076923076923 0.012980769230769231 0.01201923076923077
0 0.08028846153846154 0.7129807692307693 0.010576923076923078 0.011057692307692308
0 0.2403846153846154 0.5740384615384615 0.01201923076923077 0.0125
0 0.03894230769230769 0.8355769230769231 0.012980769230769231 0.013461538461538462
0 0.08413461538461539 0.7552884615384615 0.013942307692307693 0.013461538461538462
