0 0.2153846153846154 0.6567307692307692 0.01201923076923077 0.01201923076923077
0 0.06346153846153846 0.6480769230769231 0.011057692307692308 0.01201923076923077
0 0.014903846153846155 0.7870192307692307 0.010096153846153847 0.011538461538461539
0 0.09375 0.30288461538461536 0.01201923076923077 0.011538461538461539
0 0.023557692307692307 0.6442307692307693 0.013942307692307693 0.013942307692307693
0 0.06153846153846154 0.5745192307692307 0.013942307692307693 0.012980769230769231
0 0.007211538461538462 0.2951923076923077 0.01201923076923077 0.012980769230769231
0 0.09759615384615385 0.3639423076923077 0.011057692307692308 0.01201923076923077
0 0.10528846153846154 0.6331730769230769 0.01201923076923077 0.01201923076923077
0 0.09807692307692308 0.48365384615384616 0.011057692307692308 0.01201923076923077
0 0.10144230769230769 0.7254807692307692 0.011538461538461539 0.011538461538461539
0 0.13413461538461538 0.76875 0.010096153846153847 0.009615384615384616
0 0.01971153846153846 0.09326923076923077 0.0125 0.013942307692307693
0 0.1519230769230769 0.03461538461538462 0.011057692307692308 0.01201923076923077
0 0.05384615384615385 0.5028846153846154 0.013461538461538462 0.012980769230769231
0 0.06153846153846154 0.5302884615384615 0.010576923076923078 0.01201923076923077
0 0.008653846153846154 0.551923076923077 0.011057692307692308 0.01201923076923077
0 0.05336538461538461 0.8182692307692307 0.01201923076923077 0.013942307692307693
0 0.06778846153846153 0.8259615384615384 0.0125 0.01201923076923077
0 0.06923076923076923 0.5509615384615385 0.021153846153846155 0.021634615384615384
