0 0.7711538461538462 0.016826923076923076 0.01201923076923077 0.0125
0 0.5740384615384615 0.46442307692307694 0.011057692307692308 0.011057692307692308
0 0.8740384615384615 0.6706730769230769 0.011057692307692308 0.010576923076923078
0 0.9192307692307692 0.08125 0.010576923076923078 0.010576923076923078
0 0.6552884615384615 0.6557692307692308 0.010096153846153847 0.010096153846153847
0 0.3451923076923077 0.21826923076923077 0.011538461538461539 0.012980769230769231
0 0.76875 0.44567307692307695 0.011538461538461539 0.012980769230769231
0 0.6860576923076923 0.8894230769230769 0.011538461538461539 0.012980769230769231
0 0.89375 0.6009615384615384 0.005288461538461539 0.0057692307692307696
0 0.7322115384615384 0.7490384615384615 0.007211538461538462 0.004326923076923077
0 0.8682692307692308 0.7942307692307692 0.010576923076923078 0.0125
0 0.9192307692307692 0.775 0.01201923076923077 0.01201923076923077
0 0.6173076923076923 0.7543269230769231 0.0125 0.01201923076923077
0 0.9048076923076923 0.8365384615384616 0.012980769230769231 0.013942307692307693
0 0.8274038461538461 0.5865384615384616 0.013461538461538462 0.014423076923076924
0 0.4889423076923077 0.5399038461538461 0.011538461538461539 0.011538461538461539
0 0.7384615384615385 0.7225961538461538 0.0125 0.011538461538461539
0 0.6677884615384615 0.7134615384615385 0.011538461538461539 0.01201923076923077
0 0.9153846153846154 0.5302884615384615 0.011057692307692308 0.012980769230769231
0 0.6019230769230769 0.6524038461538462 0.010576923076923078 0.0125
0 0.7346153846153847 0.6995192307692307 0.0125 0.011538461538461539
0 0.9120192307692307 0.30480769230769234 0.011538461538461539 0.013461538461538462
0 0.6860576923076923 0.5725961538461538 0.01201923076923077 0.011057692307692308
0 0.8990384615384616 0.7307692307692307 0.013461538461538462 0.011538461538461539
