0 0.6673076923076923 0.07692307692307693 0.014903846153846155 0.015384615384615385
0 0.5100961538461538 0.25432692307692306 0.014423076923076924 0.014423076923076924
0 0.03221153846153846 0.17307692307692307 0.014423076923076924 0.014903846153846155
0 0.4110576923076923 0.3697115384615385 0.013942307692307693 0.014423076923076924
0 0.60625 0.05480769230769231 0.013461538461538462 0.013461538461538462
0 0.5759615384615384 0.39855769230769234 0.015865384615384615 0.015865384615384615
0 0.6975961538461538 0.21009615384615385 0.014903846153846155 0.014423076923076924
0 0.16778846153846153 0.46153846153846156 0.013461538461538462 0.013942307692307693
0 0.07451923076923077 0.0673076923076923 0.012980769230769231 0.013461538461538462
0 0.03028846153846154 0.02403846153846154 0.01201923076923077 0.012980769230769231
0 0.49423076923076925 0.21057692307692308 0.014423076923076924 0.014903846153846155
