0 0.15576923076923077 0.22788461538461538 0.0125 0.013942307692307693
0 0.35865384615384616 0.8302884615384616 0.01201923076923077 0.012980769230769231
0 0.1951923076923077 0.8668269230769231 0.009615384615384616 0.009134615384615385
0 0.06778846153846153 0.9206730769230769 0.0125 0.013942307692307693
0 0.2783653846153846 0.26778846153846153 0.014903846153846155 0.014423076923076924
0 0.6850961538461539 0.23076923076923078 0.010096153846153847 0.011057692307692308
0 0.3802884615384615 0.8870192307692307 0.01201923076923077 0.013461538461538462
0 0.2014423076923077 0.7831730769230769 0.0125 0.012980769230769231
0 0.3610576923076923 0.3125 0.006730769230769231 0.008653846153846154
0 0.18557692307692308 0.9379807692307692 0.009134615384615385 0.013942307692307693
0 0.055288461538461536 0.2586538461538462 0.012980769230769231 0.0125
0 0.4701923076923077 0.03221153846153846 0.013461538461538462 0.013461538461538462
0 0.03221153846153846 0.8870192307692307 0.013461538461538462 0.0125
0 0.03317307692307692 0.09711538461538462 0.010096153846153847 0.010096153846153847
0 0.1625 0.3975961538461538 0.008173076923076924 0.010576923076923078
0 0.09230769230769231 0.03125 0.015384615384615385 0.015384615384615385
0 0.4201923076923077 0.5846153846153846 0.014423076923076924 0.013942307692307693
0 0.3716346153846154 0.6831730769230769 0.009134615384615385 0.006730769230769231
0 0.5634615384615385 0.03798076923076923 0.0125 0.013942307692307693
0 0.6615384615384615 0.20432692307692307 0.013942307692307693 0.013461538461538462
0 0.36682692307692305 0.3350961538461538 0.012980769230769231 0.014903846153846155
0 0.32211538461538464 0.12355769230769231 0.013461538461538462 0.014423076923076924
0 0.6971153846153846 0.3456730769230769 0.014903846153846155 0.013461538461538462
0 0.4076923076923077 0.34423076923076923 0.014903846153846155 0.013461538461538462
0 0.3091346153846154 0.4283653846153846 0.009134615384615385 0.0057692307692307696
0 0.3125 0.2485576923076923 0.021634615384615384 0.021634615384615384
0 0.4846153846153846 0.7221153846153846 0.021634615384615384 0.021634615384615384
