0 0.24759615384615385 0.15625 0.0125 0.014423076923076924
0 0.34615384615384615 0.17067307692307693 0.011057692307692308 0.012980769230769231
0 0.4653846153846154 0.3245192307692308 0.0125 0.01201923076923077
0 0.17403846153846153 0.32596153846153847 0.013461538461538462 0.012980769230769231
0 0.45913461538461536 0.015865384615384615 0.011057692307692308 0.012980769230769231
0 0.5004807692307692 0.07596153846153846 0.005288461538461539 0.004326923076923077
0 0.4980769230769231 0.07067307692307692 0.007692307692307693 0.002403846153846154
0 0.42980769230769234 0.31153846153846154 0.011057692307692308 0.0125
0 0.12884615384615383 0.11538461538461539 0.014903846153846155 0.014423076923076924
0 0.4576923076923077 0.009134615384615385 0.004807692307692308 0.002403846153846154
