0 0.007211538461538462 0.16153846153846155 0.011538461538461539 0.01201923076923077
0 0.4658653846153846 0.35384615384615387 0.011057692307692308 0.01201923076923077
0 0.7644230769230769 0.28846153846153844 0.01201923076923077 0.012980769230769231
0 0.7427884615384616 0.24278846153846154 0.01201923076923077 0.01201923076923077
0 0.6581730769230769 0.04951923076923077 0.0125 0.012980769230769231
0 0.6028846153846154 0.28125 0.011057692307692308 0.01201923076923077
0 0.15096153846153845 0.3817307692307692 0.0125 0.01201923076923077
0 0.4307692307692308 0.020673076923076922 0.011538461538461539 0.010576923076923078
0 0.07307692307692308 0.05673076923076923 0.011538461538461539 0.012980769230769231
0 0.40865384615384615 0.38990384615384616 0.011538461538461539 0.011538461538461539
0 0.21490384615384617 0.007692307692307693 0.01201923076923077 0.009615384615384616
0 0.21682692307692308 0.4947115384615385 0.01201923076923077 0.0125
0 0.0673076923076923 0.26971153846153845 0.011057692307692308 0.011057692307692308
0 0.5177884615384616 0.1466346153846154 0.021634615384615384 0.021153846153846155
0 0.2125 0.41346153846153844 0.021153846153846155 0.021634615384615384
0 0.047115384615384615 0.41442307692307695 0.021634615384615384 0.021153846153846155
0 0.3504807692307692 0.48990384615384613 0.021634615384615384 0.021153846153846155
0 0.1293269230769231 0.5269230769230769 0.021634615384615384 0.021153846153846155
