0 0.01875 0.2951923076923077 0.011538461538461539 0.011538461538461539
0 0.3283653846153846 0.7125 0.009615384615384616 0.010096153846153847
0 0.009134615384615385 0.6822115384615385 0.011057692307692308 0.011057692307692308
0 0.11538461538461539 0.30240384615384613 0.010096153846153847 0.010576923076923078
0 0.32211538461538464 0.33990384615384617 0.011538461538461539 0.011057692307692308
0 0.10432692307692308 0.5307692307692308 0.0057692307692307696 0.0057692307692307696
0 0.22163461538461537 0.5365384615384615 0.014903846153846155 0.013942307692307693
0 0.2125 0.2903846153846154 0.010096153846153847 0.010576923076923078
0 0.03942307692307692 0.44567307692307695 0.009615384615384616 0.009615384615384616
0 0.14375 0.46105769230769234 0.009615384615384616 0.011538461538461539
0 0.40576923076923077 0.39855769230769234 0.010576923076923078 0.010096153846153847
0 0.4043269230769231 0.6259615384615385 0.010576923076923078 0.009615384615384616
0 0.13413461538461538 0.16009615384615383 0.009615384615384616 0.010576923076923078
0 0.06298076923076923 0.48125 0.020673076923076922 0.020673076923076922
0 0.08701923076923077 0.47115384615384615 0.021153846153846155 0.020673076923076922
