0 0.06538461538461539 0.4716346153846154 0.013461538461538462 0.013942307692307693
0 0.47451923076923075 0.5528846153846154 0.0125 0.013461538461538462
0 0.29759615384615384 0.3682692307692308 0.013942307692307693 0.014903846153846155
0 0.08509615384615385 0.6302884615384615 0.014423076923076924 0.014903846153846155
0 0.5447115384615384 0.6485576923076923 0.012980769230769231 0.013461538461538462
0 0.35384615384615387 0.6927884615384615 0.011538461538461539 0.011538461538461539
0 0.7649038461538461 0.07932692307692307 0.015384615384615385 0.015384615384615385
0 0.4182692307692308 0.5375 0.013942307692307693 0.013942307692307693
0 0.5985576923076923 0.6586538461538461 0.011538461538461539 0.011538461538461539
0 0.40865384615384615 0.53125 0.014903846153846155 0.015384615384615385
0 0.28701923076923075 0.1625 0.021634615384615384 0.021634615384615384
