0 0.6961538461538461 0.04230769230769231 0.013461538461538462 0.0125
0 0.1841346153846154 0.1860576923076923 0.013942307692307693 0.0125
0 0.8283653846153847 0.2298076923076923 0.012980769230769231 0.013461538461538462
0 0.45913461538461536 0.11394230769230769 0.013942307692307693 0.015384615384615385
0 0.6485576923076923 0.4778846153846154 0.0125 0.012980769230769231
0 0.525 0.016346153846153847 0.012980769230769231 0.013942307692307693
0 0.6192307692307693 0.5326923076923077 0.013942307692307693 0.012980769230769231
0 0.2605769230769231 0.01730769230769231 0.013461538461538462 0.013461538461538462
0 0.37548076923076923 0.3019230769230769 0.0125 0.01201923076923077
0 0.4860576923076923 0.5442307692307692 0.01201923076923077 0.01201923076923077
0 0.5158653846153847 0.18990384615384615 0.011057692307692308 0.019230769230769232
0 0.18221153846153845 0.4408653846153846 0.013461538461538462 0.014903846153846155
0 0.4894230769230769 0.44182692307692306 0.01201923076923077 0.01201923076923077
0 0.5985576923076923 0.3548076923076923 0.0125 0.013461538461538462
0 0.7129807692307693 0.28125 0.0125 0.012980769230769231
0 0.1658653846153846 0.15576923076923077 0.012980769230769231 0.013461538461538462
0 0.41057692307692306 0.19471153846153846 0.011538461538461539 0.01201923076923077
0 0.7254807692307692 0.31346153846153846 0.01201923076923077 0.011538461538461539
0 0.42403846153846153 0.3466346153846154 0.013942307692307693 0.013942307692307693
0 0.6990384615384615 0.1735576923076923 0.0125 0.0125
0 0.42451923076923076 0.5100961538461538 0.009615384615384616 0.01201923076923077
0 0.47115384615384615 0.28028846153846154 0.0125 0.0125
0 0.7552884615384615 0.2865384615384615 0.013461538461538462 0.014423076923076924
0 0.2620192307692308 0.4153846153846154 0.012980769230769231 0.013461538461538462
0 0.36875 0.15528846153846154 0.008173076923076924 0.011538461538461539
0 0.5317307692307692 0.4721153846153846 0.013461538461538462 0.013461538461538462
0 0.8326923076923077 0.34807692307692306 0.010096153846153847 0.008653846153846154
0 0.8168269230769231 0.3663461538461538 0.010576923076923078 0.01730769230769231
0 0.6413461538461539 0.026923076923076925 0.009615384615384616 0.010576923076923078
0 0.625 0.18798076923076923 0.0125 0.012980769230769231
0 0.8336538461538462 0.04326923076923077 0.01201923076923077 0.011538461538461539
0 0.28509615384615383 0.11730769230769231 0.008653846153846154 0.010576923076923078
0 0.7125 0.41057692307692306 0.01201923076923077 0.013942307692307693
0 0.40384615384615385 0.3778846153846154 0.014903846153846155 0.015384615384615385
0 0.6245192307692308 0.12115384615384615 0.013942307692307693 0.013461538461538462
0 0.6639423076923077 0.1951923076923077 0.010096153846153847 0.009134615384615385
0 0.5091346153846154 0.41346153846153844 0.009615384615384616 0.015865384615384615
0 0.5629807692307692 0.3836538461538462 0.012980769230769231 0.011538461538461539
0 0.8495192307692307 0.4408653846153846 0.009134615384615385 0.008173076923076924
0 0.6072115384615384 0.07259615384615385 0.007211538461538462 0.011538461538461539
0 0.03221153846153846 0.06442307692307692 0.009615384615384616 0.014423076923076924
0 0.6004807692307692 0.04807692307692308 0.008653846153846154 0.01201923076923077
0 0.6730769230769231 0.3716346153846154 0.013942307692307693 0.014423076923076924
0 0.7504807692307692 0.33605769230769234 0.01201923076923077 0.013461538461538462
0 0.6461538461538462 0.20096153846153847 0.007692307692307693 0.009615384615384616
0 0.6908653846153846 0.4009615384615385 0.011538461538461539 0.013461538461538462
0 0.36923076923076925 0.4269230769230769 0.013942307692307693 0.014423076923076924
0 0.6644230769230769 0.09423076923076923 0.014903846153846155 0.014903846153846155
0 0.5985576923076923 0.03365384615384615 0.014423076923076924 0.015384615384615385
