0 0.4461538461538462 0.27115384615384613 0.016346153846153847 0.017788461538461538
0 0.7870192307692307 0.6153846153846154 0.014903846153846155 0.015865384615384615
0 0.5875 0.8081730769230769 0.014903846153846155 0.014903846153846155
0 0.6625 0.7379807692307693 0.013942307692307693 0.014903846153846155
0 0.8240384615384615 0.23653846153846153 0.015384615384615385 0.015865384615384615
0 0.10096153846153846 0.42259615384615384 0.014903846153846155 0.016346153846153847
0 0.6322115384615384 0.5990384615384615 0.013461538461538462 0.013942307692307693
0 0.6461538461538462 0.8471153846153846 0.015384615384615385 0.016346153846153847
0 0.2605769230769231 0.2951923076923077 0.0125 0.013461538461538462
0 0.8100961538461539 0.31298076923076923 0.014423076923076924 0.015384615384615385
0 0.6875 0.48221153846153847 0.015384615384615385 0.015865384615384615
0 0.2971153846153846 0.7379807692307693 0.013942307692307693 0.014903846153846155
0 0.31682692307692306 0.42115384615384616 0.014903846153846155 0.016346153846153847
0 0.40192307692307694 0.23076923076923078 0.013942307692307693 0.014903846153846155
0 0.7576923076923077 0.6875 0.014903846153846155 0.015865384615384615
0 0.5807692307692308 0.1360576923076923 0.014903846153846155 0.015865384615384615
0 0.08413461538461539 0.5004807692307692 0.013942307692307693 0.014423076923076924
0 0.16201923076923078 0.41057692307692306 0.014903846153846155 0.015865384615384615
0 0.19663461538461538 0.5048076923076923 0.013461538461538462 0.014423076923076924
0 0.3610576923076923 0.15 0.015384615384615385 0.016346153846153847
0 0.05961538461538462 0.34423076923076923 0.014903846153846155 0.015865384615384615
0 0.6903846153846154 0.12740384615384615 0.013942307692307693 0.014423076923076924
0 0.5081730769230769 0.11730769230769231 0.015384615384615385 0.016346153846153847
0 0.5298076923076923 0.7504807692307692 0.015384615384615385 0.016826923076923076
0 0.2403846153846154 0.7004807692307692 0.0125 0.013461538461538462
0 0.6697115384615384 0.31009615384615385 0.015384615384615385 0.016346153846153847
0 0.40528846153846154 0.6774038461538462 0.01875 0.01826923076923077
0 0.32211538461538464 0.08605769230769231 0.013942307692307693 0.014423076923076924
0 0.7403846153846154 0.24903846153846154 0.014903846153846155 0.014903846153846155
0 0.6336538461538461 0.1283653846153846 0.014903846153846155 0.014903846153846155
0 0.38990384615384616 0.49375 0.013942307692307693 0.014423076923076924
0 0.11971153846153847 0.8096153846153846 0.014903846153846155 0.015384615384615385
0 0.7682692307692308 0.5466346153846153 0.014903846153846155 0.015865384615384615
0 0.21778846153846154 0.3605769230769231 0.014423076923076924 0.015384615384615385
0 0.3418269230769231 0.7538461538461538 0.013461538461538462 0.013942307692307693
0 0.7221153846153846 0.8456730769230769 0.013461538461538462 0.014423076923076924
0 0.5850961538461539 0.6399038461538461 0.014423076923076924 0.015865384615384615
0 0.7514423076923077 0.7860576923076923 0.012980769230769231 0.013942307692307693
0 0.2125 0.8533653846153846 0.013461538461538462 0.014423076923076924
0 0.08509615384615385 0.6701923076923076 0.014903846153846155 0.015384615384615385
0 0.6850961538461539 0.8057692307692308 0.013461538461538462 0.014423076923076924
0 0.7100961538461539 0.4807692307692308 0.013461538461538462 0.014423076923076924
0 0.8394230769230769 0.11394230769230769 0.014423076923076924 0.015384615384615385
0 0.07788461538461539 0.7384615384615385 0.014423076923076924 0.014903846153846155
0 0.7134615384615385 0.4221153846153846 0.013461538461538462 0.013942307692307693
0 0.8024038461538462 0.46634615384615385 0.013461538461538462 0.014423076923076924
0 0.604326923076923 0.6596153846153846 0.013461538461538462 0.013461538461538462
0 0.7625 0.25625 0.014423076923076924 0.015384615384615385
0 0.8413461538461539 0.47307692307692306 0.012980769230769231 0.013461538461538462
0 0.84375 0.15432692307692308 0.014423076923076924 0.015384615384615385
0 0.6783653846153846 0.05913461538461538 0.012980769230769231 0.013461538461538462
0 0.8168269230769231 0.8153846153846154 0.013461538461538462 0.013942307692307693
0 0.8379807692307693 0.8081730769230769 0.013942307692307693 0.014903846153846155
0 0.7519230769230769 0.18846153846153846 0.014423076923076924 0.015384615384615385
0 0.7831730769230769 0.5197115384615385 0.014423076923076924 0.014903846153846155
0 0.27548076923076925 0.14759615384615385 0.013461538461538462 0.014423076923076924
0 0.37932692307692306 0.8038461538461539 0.013461538461538462 0.013461538461538462
0 0.8091346153846154 0.41201923076923075 0.0125 0.012980769230769231
0 0.8129807692307692 0.6552884615384615 0.014423076923076924 0.014903846153846155
0 0.33942307692307694 0.22692307692307692 0.0125 0.013461538461538462
0 0.8197115384615384 0.7692307692307693 0.013461538461538462 0.013942307692307693
0 0.14086538461538461 0.4 0.013942307692307693 0.014903846153846155
0 0.32211538461538464 0.5985576923076923 0.0125 0.013461538461538462
0 0.6365384615384615 0.39903846153846156 0.013461538461538462 0.014423076923076924
0 0.31153846153846154 0.8639423076923077 0.013461538461538462 0.013942307692307693
0 0.7254807692307692 0.5514423076923077 0.013942307692307693 0.014903846153846155
0 0.7576923076923077 0.13557692307692307 0.0125 0.012980769230769231
0 0.3451923076923077 0.42403846153846153 0.014423076923076924 0.015384615384615385
0 0.7423076923076923 0.5653846153846154 0.013942307692307693 0.013461538461538462
0 0.6870192307692308 0.5668269230769231 0.013461538461538462 0.014423076923076924
0 0.7182692307692308 0.2620192307692308 0.013942307692307693 0.014903846153846155
0 0.65 0.15817307692307692 0.01201923076923077 0.013461538461538462
0 0.26153846153846155 0.1423076923076923 0.016346153846153847 0.01730769230769231
0 0.34951923076923075 0.11875 0.015865384615384615 0.01730769230769231
0 0.5942307692307692 0.8682692307692308 0.013461538461538462 0.013942307692307693
0 0.2519230769230769 0.55625 0.01875 0.020673076923076922
0 0.4807692307692308 0.2846153846153846 0.013461538461538462 0.014423076923076924
0 0.19038461538461537 0.3783653846153846 0.015865384615384615 0.016826923076923076
0 0.3485576923076923 0.7115384615384616 0.013942307692307693 0.014903846153846155
0 0.2745192307692308 0.45865384615384613 0.014423076923076924 0.014423076923076924
0 0.24807692307692308 0.17740384615384616 0.014423076923076924 0.014903846153846155
0 0.20673076923076922 0.8105769230769231 0.016826923076923076 0.017788461538461538
0 0.425 0.8639423076923077 0.013942307692307693 0.014423076923076924
0 0.4115384615384615 0.8216346153846154 0.013461538461538462 0.013942307692307693
0 0.15673076923076923 0.10384615384615385 0.0125 0.012980769230769231
0 0.13365384615384615 0.48125 0.0125 0.0125
0 0.5490384615384616 0.8673076923076923 0.013942307692307693 0.013942307692307693
0 0.25721153846153844 0.20528846153846153 0.01971153846153846 0.021153846153846155
0 0.7971153846153847 0.7423076923076923 0.0125 0.013461538461538462
0 0.17307692307692307 0.2389423076923077 0.015865384615384615 0.01730769230769231
0 0.3971153846153846 0.18365384615384617 0.016346153846153847 0.016826923076923076
0 0.775 0.8677884615384616 0.01201923076923077 0.0125
0 0.8110576923076923 0.8610576923076924 0.0125 0.013942307692307693
0 0.75 0.7625 0.013942307692307693 0.014903846153846155
0 0.5456730769230769 0.8413461538461539 0.01971153846153846 0.019230769230769232
0 0.05913461538461538 0.48509615384615384 0.020192307692307693 0.022115384615384617
0 0.08461538461538462 0.760576923076923 0.01826923076923077 0.016826923076923076
0 0.7875 0.49038461538461536 0.013942307692307693 0.014423076923076924
0 0.8201923076923077 0.48365384615384616 0.014903846153846155 0.014903846153846155
0 0.5826923076923077 0.16778846153846153 0.014903846153846155 0.015865384615384615
0 0.25769230769230766 0.54375 0.014423076923076924 0.016346153846153847
0 0.43028846153846156 0.7432692307692308 0.014423076923076924 0.014903846153846155
0 0.14423076923076922 0.1778846153846154 0.015384615384615385 0.016826923076923076
0 0.3975961538461538 0.14278846153846153 0.013942307692307693 0.015384615384615385
0 0.2173076923076923 0.8072115384615385 0.015865384615384615 0.015865384615384615
0 0.16778846153846153 0.19807692307692307 0.021153846153846155 0.020673076923076922
0 0.10625 0.37596153846153846 0.020673076923076922 0.020673076923076922
0 0.06875 0.46875 0.021153846153846155 0.021153846153846155
0 0.05144230769230769 0.45625 0.021153846153846155 0.021153846153846155
0 0.1639423076923077 0.5091346153846154 0.020673076923076922 0.021153846153846155
0 0.1951923076923077 0.38269230769230766 0.020673076923076922 0.021153846153846155
0 0.80625 0.43509615384615385 0.021153846153846155 0.020673076923076922
0 0.21634615384615385 0.5163461538461539 0.021153846153846155 0.021153846153846155
0 0.24951923076923077 0.5350961538461538 0.021153846153846155 0.021153846153846155
0 0.7461538461538462 0.5451923076923076 0.020673076923076922 0.021153846153846155
0 0.23557692307692307 0.7043269230769231 0.020673076923076922 0.021153846153846155
0 0.45721153846153845 0.7774038461538462 0.021153846153846155 0.021153846153846155
