0 0.5221153846153846 0.14903846153846154 0.021634615384615384 0.021634615384615384
0 0.8 0.02451923076923077 0.021634615384615384 0.022115384615384617
0 0.7701923076923077 0.05432692307692308 0.021634615384615384 0.022115384615384617
0 0.6966346153846154 0.04423076923076923 0.022115384615384617 0.022115384615384617
0 0.6048076923076923 0.021153846153846155 0.022115384615384617 0.021634615384615384
0 0.6370192307692307 0.04471153846153846 0.022115384615384617 0.022115384615384617
0 0.5538461538461539 0.04326923076923077 0.022115384615384617 0.022115384615384617
0 0.5168269230769231 0.05096153846153846 0.022115384615384617 0.021634615384615384
0 0.5389423076923077 0.05432692307692308 0.022115384615384617 0.022115384615384617
0 0.4947115384615385 0.025961538461538463 0.021634615384615384 0.022115384615384617
0 0.42740384615384613 0.029326923076923077 0.022115384615384617 0.022115384615384617
0 0.38798076923076924 0.04567307692307692 0.021634615384615384 0.022115384615384617
0 0.3230769230769231 0.022596153846153846 0.022115384615384617 0.021634615384615384
0 0.30817307692307694 0.038461538461538464 0.022115384615384617 0.022115384615384617
0 0.27115384615384613 0.041826923076923074 0.022115384615384617 0.022115384615384617
0 0.26634615384615384 0.06682692307692308 0.022115384615384617 0.022115384615384617
0 0.3057692307692308 0.06682692307692308 0.022115384615384617 0.022115384615384617
0 0.2389423076923077 0.051923076923076926 0.022115384615384617 0.022115384615384617
0 0.22548076923076923 0.07067307692307692 0.021634615384615384 0.022115384615384617
0 0.1548076923076923 0.01201923076923077 0.021634615384615384 0.022115384615384617
0 0.07259615384615385 0.09807692307692308 0.022115384615384617 0.021634615384615384
0 0.12067307692307692 0.09278846153846154 0.022115384615384617 0.022115384615384617
0 0.0764423076923077 0.08798076923076924 0.022115384615384617 0.022115384615384617
0 0.13846153846153847 0.16971153846153847 0.022115384615384617 0.022115384615384617
0 0.12451923076923077 0.19326923076923078 0.022115384615384617 0.022115384615384617
0 0.05 0.19375 0.022115384615384617 0.021634615384615384
0 0.03653846153846154 0.18076923076923077 0.022115384615384617 0.022115384615384617
0 0.25240384615384615 0.1625 0.022115384615384617 0.022115384615384617
0 0.25 0.21201923076923077 0.022115384615384617 0.022115384615384617
0 0.2673076923076923 0.11634615384615385 0.022115384615384617 0.022115384615384617
0 0.3245192307692308 0.1658653846153846 0.022115384615384617 0.022115384615384617
0 0.3639423076923077 0.1639423076923077 0.022115384615384617 0.021634615384615384
0 0.3682692307692308 0.12884615384615383 0.021634615384615384 0.022115384615384617
0 0.31298076923076923 0.08942307692307692 0.022115384615384617 0.021634615384615384
0 0.42740384615384613 0.07067307692307692 0.022115384615384617 0.022115384615384617
0 0.44711538461538464 0.07403846153846154 0.022115384615384617 0.022115384615384617
0 0.47115384615384615 0.07307692307692308 0.021634615384615384 0.022115384615384617
0 0.4807692307692308 0.12115384615384615 0.022115384615384617 0.022115384615384617
0 0.48173076923076924 0.14615384615384616 0.022115384615384617 0.022115384615384617
0 0.46490384615384617 0.17451923076923076 0.021634615384615384 0.022115384615384617
0 0.45096153846153847 0.18846153846153846 0.022115384615384617 0.022115384615384617
0 0.43509615384615385 0.18076923076923077 0.021634615384615384 0.022115384615384617
0 0.40673076923076923 0.1908653846153846 0.021634615384615384 0.022115384615384617
0 0.38990384615384616 0.2 0.022115384615384617 0.021634615384615384
0 0.39278846153846153 0.16826923076923078 0.022115384615384617 0.022115384615384617
0 0.34326923076923077 0.175 0.022115384615384617 0.021634615384615384
0 0.4980769230769231 0.18365384615384617 0.022115384615384617 0.022115384615384617
0 0.49230769230769234 0.22163461538461537 0.021634615384615384 0.022115384615384617
0 0.5278846153846154 0.21346153846153845 0.022115384615384617 0.021634615384615384
0 0.5798076923076924 0.09567307692307692 0.022115384615384617 0.021634615384615384
0 0.6033653846153846 0.11009615384615384 0.022115384615384617 0.022115384615384617
0 0.6692307692307692 0.10384615384615385 0.022115384615384617 0.022115384615384617
0 0.6826923076923077 0.10384615384615385 0.022115384615384617 0.022115384615384617
0 0.6759615384615385 0.13798076923076924 0.021634615384615384 0.021634615384615384
0 0.5889423076923077 0.15096153846153845 0.021634615384615384 0.022115384615384617
0 0.575 0.15865384615384615 0.022115384615384617 0.022115384615384617
0 0.6158653846153846 0.18509615384615385 0.022115384615384617 0.021634615384615384
0 0.6259615384615385 0.16875 0.022115384615384617 0.022115384615384617
0 0.5677884615384615 0.21201923076923077 0.022115384615384617 0.022115384615384617
0 0.6014423076923077 0.20865384615384616 0.021634615384615384 0.021634615384615384
0 0.6197115384615385 0.2144230769230769 0.022115384615384617 0.022115384615384617
0 0.7230769230769231 0.14615384615384616 0.021634615384615384 0.022115384615384617
0 0.7254807692307692 0.09326923076923077 0.021634615384615384 0.021634615384615384
0 0.7735576923076923 0.09567307692307692 0.022115384615384617 0.021634615384615384
0 0.8 0.10673076923076923 0.021634615384615384 0.022115384615384617
0 0.7850961538461538 0.10432692307692308 0.021634615384615384 0.021634615384615384
0 0.7725961538461539 0.1860576923076923 0.021634615384615384 0.022115384615384617
0 0.7576923076923077 0.17884615384615385 0.021634615384615384 0.021634615384615384
0 0.8009615384615385 0.20240384615384616 0.022115384615384617 0.021634615384615384
0 0.7216346153846154 0.21971153846153846 0.022115384615384617 0.021634615384615384
0 0.12596153846153846 0.2793269230769231 0.022115384615384617 0.021634615384615384
0 0.08509615384615385 0.2875 0.022115384615384617 0.022115384615384617
0 0.11201923076923077 0.3389423076923077 0.022115384615384617 0.021634615384615384
0 0.1375 0.3384615384615385 0.021634615384615384 0.022115384615384617
0 0.12355769230769231 0.3697115384615385 0.022115384615384617 0.022115384615384617
0 0.16923076923076924 0.3548076923076923 0.022115384615384617 0.022115384615384617
0 0.02548076923076923 0.37740384615384615 0.022115384615384617 0.021634615384615384
0 0.02451923076923077 0.39471153846153845 0.021634615384615384 0.021634615384615384
0 0.055288461538461536 0.40192307692307694 0.022115384615384617 0.022115384615384617
0 0.06923076923076923 0.35096153846153844 0.021634615384615384 0.022115384615384617
0 0.22259615384615383 0.23028846153846153 0.022115384615384617 0.022115384615384617
0 0.17067307692307693 0.26298076923076924 0.022115384615384617 0.022115384615384617
0 0.18942307692307692 0.3072115384615385 0.022115384615384617 0.022115384615384617
0 0.20528846153846153 0.28557692307692306 0.022115384615384617 0.021634615384615384
0 0.20384615384615384 0.35865384615384616 0.022115384615384617 0.021634615384615384
0 0.1831730769230769 0.3995192307692308 0.022115384615384617 0.022115384615384617
0 0.25961538461538464 0.3384615384615385 0.022115384615384617 0.022115384615384617
0 0.3278846153846154 0.31634615384615383 0.022115384615384617 0.022115384615384617
0 0.38990384615384616 0.3735576923076923 0.022115384615384617 0.021634615384615384
0 0.39903846153846156 0.3548076923076923 0.022115384615384617 0.022115384615384617
0 0.4495192307692308 0.35384615384615387 0.022115384615384617 0.021634615384615384
0 0.4110576923076923 0.34759615384615383 0.022115384615384617 0.021634615384615384
0 0.4125 0.3072115384615385 0.022115384615384617 0.022115384615384617
0 0.39134615384615384 0.3038461538461538 0.022115384615384617 0.022115384615384617
0 0.40528846153846154 0.2865384615384615 0.022115384615384617 0.022115384615384617
0 0.43365384615384617 0.29423076923076924 0.022115384615384617 0.021634615384615384
0 0.42115384615384616 0.4096153846153846 0.022115384615384617 0.021634615384615384
0 0.47115384615384615 0.3995192307692308 0.021634615384615384 0.022115384615384617
0 0.4322115384615385 0.2668269230769231 0.022115384615384617 0.021634615384615384
0 0.5850961538461539 0.2528846153846154 0.022115384615384617 0.022115384615384617
0 0.4855769230769231 0.34134615384615385 0.022115384615384617 0.021634615384615384
0 0.5403846153846154 0.40721153846153846 0.022115384615384617 0.021634615384615384
0 0.541826923076923 0.37740384615384615 0.021634615384615384 0.021634615384615384
0 0.5120192307692307 0.33221153846153845 0.021634615384615384 0.022115384615384617
0 0.5456730769230769 0.3389423076923077 0.021634615384615384 0.021634615384615384
0 0.6038461538461538 0.32884615384615384 0.021634615384615384 0.021634615384615384
0 0.6408653846153847 0.29423076923076924 0.022115384615384617 0.021634615384615384
0 0.6966346153846154 0.3038461538461538 0.022115384615384617 0.022115384615384617
0 0.7461538461538462 0.32019230769230766 0.022115384615384617 0.021634615384615384
0 0.7552884615384615 0.3091346153846154 0.021634615384615384 0.021634615384615384
0 0.7774038461538462 0.38461538461538464 0.022115384615384617 0.022115384615384617
0 0.6846153846153846 0.39903846153846156 0.021634615384615384 0.022115384615384617
0 0.73125 0.25048076923076923 0.022115384615384617 0.022115384615384617
0 0.7649038461538461 0.28173076923076923 0.022115384615384617 0.021634615384615384
0 0.7798076923076923 0.24423076923076922 0.022115384615384617 0.022115384615384617
0 0.8 0.29375 0.021634615384615384 0.022115384615384617
0 0.8048076923076923 0.3658653846153846 0.022115384615384617 0.022115384615384617
0 0.020673076923076922 0.5235576923076923 0.022115384615384617 0.022115384615384617
0 0.04807692307692308 0.5100961538461538 0.021634615384615384 0.021634615384615384
0 0.08413461538461539 0.5110576923076923 0.021634615384615384 0.022115384615384617
0 0.09278846153846154 0.541826923076923 0.021634615384615384 0.022115384615384617
0 0.13557692307692307 0.53125 0.022115384615384617 0.021634615384615384
0 0.1485576923076923 0.4216346153846154 0.021634615384615384 0.022115384615384617
0 0.23173076923076924 0.41923076923076924 0.021634615384615384 0.022115384615384617
0 0.2725961538461538 0.4168269230769231 0.021634615384615384 0.022115384615384617
0 0.20384615384615384 0.49615384615384617 0.022115384615384617 0.022115384615384617
0 0.3557692307692308 0.5442307692307692 0.021634615384615384 0.022115384615384617
0 0.37884615384615383 0.5509615384615385 0.022115384615384617 0.021634615384615384
0 0.4326923076923077 0.50625 0.021634615384615384 0.022115384615384617
0 0.44759615384615387 0.4288461538461538 0.021634615384615384 0.022115384615384617
0 0.5711538461538461 0.5331730769230769 0.022115384615384617 0.022115384615384617
0 0.5889423076923077 0.5336538461538461 0.021634615384615384 0.021634615384615384
0 0.7264423076923077 0.520673076923077 0.022115384615384617 0.022115384615384617
0 0.7932692307692307 0.5014423076923077 0.022115384615384617 0.021634615384615384
0 0.8048076923076923 0.6379807692307692 0.022115384615384617 0.021634615384615384
0 0.7899038461538461 0.6490384615384616 0.022115384615384617 0.021634615384615384
0 0.7971153846153847 0.6788461538461539 0.022115384615384617 0.021634615384615384
0 0.7514423076923077 0.5471153846153847 0.022115384615384617 0.022115384615384617
0 0.7548076923076923 0.6725961538461539 0.022115384615384617 0.021634615384615384
0 0.7442307692307693 0.7067307692307693 0.021634615384615384 0.022115384615384617
0 0.7274038461538461 0.6326923076923077 0.022115384615384617 0.022115384615384617
0 0.7225961538461538 0.6201923076923077 0.022115384615384617 0.022115384615384617
0 0.7076923076923077 0.6081730769230769 0.022115384615384617 0.021634615384615384
0 0.6331730769230769 0.6788461538461539 0.022115384615384617 0.021634615384615384
0 0.5302884615384615 0.6774038461538462 0.022115384615384617 0.022115384615384617
0 0.5985576923076923 0.6192307692307693 0.022115384615384617 0.021634615384615384
0 0.5716346153846154 0.6711538461538461 0.021634615384615384 0.022115384615384617
0 0.5947115384615385 0.6615384615384615 0.022115384615384617 0.021634615384615384
0 0.5889423076923077 0.6947115384615384 0.021634615384615384 0.022115384615384617
0 0.5230769230769231 0.6961538461538461 0.022115384615384617 0.021634615384615384
0 0.3663461538461538 0.6807692307692308 0.022115384615384617 0.022115384615384617
0 0.34278846153846154 0.5692307692307692 0.022115384615384617 0.022115384615384617
0 0.2956730769230769 0.6225961538461539 0.022115384615384617 0.022115384615384617
0 0.18653846153846154 0.6081730769230769 0.022115384615384617 0.021634615384615384
0 0.18653846153846154 0.5807692307692308 0.022115384615384617 0.021634615384615384
0 0.1841346153846154 0.6254807692307692 0.022115384615384617 0.021634615384615384
0 0.25625 0.6427884615384616 0.022115384615384617 0.021634615384615384
0 0.06009615384615385 0.61875 0.022115384615384617 0.022115384615384617
0 0.55625 0.7254807692307692 0.022115384615384617 0.022115384615384617
0 0.5899038461538462 0.7302884615384615 0.022115384615384617 0.022115384615384617
0 0.6865384615384615 0.7495192307692308 0.022115384615384617 0.021634615384615384
0 0.7278846153846154 0.7379807692307693 0.022115384615384617 0.022115384615384617
0 0.73125 0.7552884615384615 0.022115384615384617 0.022115384615384617
0 0.6879807692307692 0.025 0.022115384615384617 0.021634615384615384
