0 0.6701923076923076 0.35096153846153844 0.013461538461538462 0.012980769230769231
0 0.027884615384615386 0.31298076923076923 0.010576923076923078 0.009615384615384616
0 0.6860576923076923 0.7086538461538462 0.0125 0.012980769230769231
0 0.21923076923076923 0.6807692307692308 0.013461538461538462 0.0125
0 0.7572115384615384 0.46778846153846154 0.013942307692307693 0.013461538461538462
0 0.19471153846153846 0.3817307692307692 0.009615384615384616 0.0125
0 0.3528846153846154 0.4048076923076923 0.012980769230769231 0.013461538461538462
0 0.7317307692307692 0.5783653846153847 0.0125 0.01201923076923077
0 0.22932692307692307 0.09903846153846153 0.012980769230769231 0.013942307692307693
0 0.5264423076923077 0.36346153846153845 0.01201923076923077 0.0125
0 0.1125 0.31298076923076923 0.009134615384615385 0.007692307692307693
0 0.4081730769230769 0.12403846153846154 0.0125 0.012980769230769231
0 0.27163461538461536 0.2466346153846154 0.012980769230769231 0.013461538461538462
0 0.25769230769230766 0.09182692307692308 0.010576923076923078 0.008173076923076924
0 0.04038461538461539 0.15240384615384617 0.014423076923076924 0.014423076923076924
0 0.2668269230769231 0.2759615384615385 0.014903846153846155 0.013942307692307693
