0 0.04326923076923077 0.057692307692307696 0.016826923076923076 0.017788461538461538
0 0.12692307692307692 0.6677884615384615 0.015865384615384615 0.016346153846153847
0 0.07884615384615384 0.6918269230769231 0.01875 0.017788461538461538
0 0.5625 0.5341346153846154 0.016346153846153847 0.016826923076923076
0 0.34951923076923075 0.4048076923076923 0.014423076923076924 0.015384615384615385
0 0.03221153846153846 0.6105769230769231 0.015865384615384615 0.016346153846153847
0 0.08605769230769231 0.42403846153846153 0.015384615384615385 0.016346153846153847
0 0.2875 0.022596153846153846 0.015865384615384615 0.015865384615384615
0 0.07884615384615384 0.6423076923076924 0.015865384615384615 0.016346153846153847
0 0.4841346153846154 0.22259615384615383 0.015384615384615385 0.014903846153846155
0 0.4427884615384615 0.4043269230769231 0.014423076923076924 0.014903846153846155
0 0.3230769230769231 0.5110576923076923 0.016346153846153847 0.016826923076923076
0 0.17163461538461539 0.3658653846153846 0.015384615384615385 0.014903846153846155
0 0.35865384615384616 0.6480769230769231 0.016346153846153847 0.016346153846153847
0 0.475 0.41057692307692306 0.014903846153846155 0.014903846153846155
0 0.4600961538461538 0.645673076923077 0.013461538461538462 0.013461538461538462
0 0.42980769230769234 0.047115384615384615 0.015384615384615385 0.016346153846153847
0 0.21298076923076922 0.06201923076923077 0.014423076923076924 0.014903846153846155
0 0.5317307692307692 0.3485576923076923 0.014423076923076924 0.014903846153846155
0 0.26634615384615384 0.03990384615384615 0.01730769230769231 0.019230769230769232
0 0.5985576923076923 0.7254807692307692 0.015865384615384615 0.016346153846153847
0 0.3548076923076923 0.5509615384615385 0.014423076923076924 0.014903846153846155
0 0.2456730769230769 0.5394230769230769 0.019230769230769232 0.01826923076923077
0 0.5538461538461539 0.2841346153846154 0.015384615384615385 0.015865384615384615
0 0.06923076923076923 0.1860576923076923 0.015384615384615385 0.015865384615384615
0 0.3485576923076923 0.6754807692307693 0.015865384615384615 0.015865384615384615
0 0.24951923076923077 0.39807692307692305 0.014423076923076924 0.014423076923076924
0 0.058173076923076925 0.6735576923076924 0.015384615384615385 0.016826923076923076
0 0.32403846153846155 0.5783653846153847 0.015865384615384615 0.015865384615384615
0 0.30817307692307694 0.6331730769230769 0.015865384615384615 0.015384615384615385
0 0.3346153846153846 0.5653846153846154 0.015384615384615385 0.015384615384615385
0 0.07115384615384615 0.18028846153846154 0.01971153846153846 0.01971153846153846
0 0.07115384615384615 0.19375 0.01971153846153846 0.01971153846153846
0 0.0125 0.3548076923076923 0.01971153846153846 0.01971153846153846
0 0.55 0.6802884615384616 0.01971153846153846 0.01971153846153846
