0 0.22788461538461538 0.8081730769230769 0.013942307692307693 0.014423076923076924
0 0.09375 0.6605769230769231 0.014903846153846155 0.014903846153846155
0 0.17836538461538462 0.5504807692307693 0.014423076923076924 0.014903846153846155
0 0.09375 0.31682692307692306 0.013942307692307693 0.014903846153846155
0 0.2932692307692308 0.5538461538461539 0.014423076923076924 0.015384615384615385
0 0.32259615384615387 0.017788461538461538 0.014903846153846155 0.014903846153846155
0 0.3451923076923077 0.54375 0.015384615384615385 0.015384615384615385
0 0.34471153846153846 0.1639423076923077 0.014903846153846155 0.015384615384615385
0 0.1389423076923077 0.25384615384615383 0.013942307692307693 0.013942307692307693
0 0.8096153846153846 0.40865384615384615 0.013942307692307693 0.014903846153846155
0 0.48653846153846153 0.3216346153846154 0.013942307692307693 0.014903846153846155
0 0.5543269230769231 0.47884615384615387 0.014423076923076924 0.014903846153846155
0 0.7975961538461539 0.5192307692307693 0.014423076923076924 0.014903846153846155
0 0.33028846153846153 0.68125 0.015384615384615385 0.015865384615384615
0 0.3783653846153846 0.43317307692307694 0.014423076923076924 0.014423076923076924
0 0.6783653846153846 0.5259615384615385 0.012980769230769231 0.013461538461538462
0 0.12211538461538461 0.65 0.013461538461538462 0.013942307692307693
0 0.10048076923076923 0.17836538461538462 0.014423076923076924 0.014903846153846155
0 0.6076923076923076 0.7480769230769231 0.014903846153846155 0.015384615384615385
0 0.770673076923077 0.6552884615384615 0.013461538461538462 0.013942307692307693
0 0.023076923076923078 0.5596153846153846 0.0125 0.012980769230769231
0 0.4740384615384615 0.5793269230769231 0.013942307692307693 0.014423076923076924
0 0.02980769230769231 0.7269230769230769 0.013942307692307693 0.014423076923076924
0 0.8221153846153846 0.7653846153846153 0.013942307692307693 0.014423076923076924
0 0.7206730769230769 0.6927884615384615 0.016346153846153847 0.01730769230769231
0 0.4596153846153846 0.15048076923076922 0.014423076923076924 0.014903846153846155
0 0.01201923076923077 0.6889423076923077 0.013461538461538462 0.013942307692307693
0 0.08798076923076924 0.7548076923076923 0.013942307692307693 0.014423076923076924
0 0.27115384615384613 0.8240384615384615 0.013461538461538462 0.013942307692307693
0 0.3423076923076923 0.5682692307692307 0.013461538461538462 0.013942307692307693
0 0.3716346153846154 0.7048076923076924 0.014423076923076924 0.015384615384615385
0 0.5408653846153846 0.770673076923077 0.013942307692307693 0.014903846153846155
0 0.35528846153846155 0.43317307692307694 0.01201923076923077 0.012980769230769231
0 0.7971153846153847 0.7961538461538461 0.013942307692307693 0.014903846153846155
0 0.01826923076923077 0.6360576923076923 0.013461538461538462 0.014423076923076924
0 0.6682692307692307 0.24375 0.013942307692307693 0.014903846153846155
0 0.04471153846153846 0.8278846153846153 0.013461538461538462 0.014423076923076924
0 0.29134615384615387 0.16634615384615384 0.014423076923076924 0.014423076923076924
0 0.6163461538461539 0.23365384615384616 0.012980769230769231 0.013461538461538462
0 0.36201923076923076 0.7552884615384615 0.013461538461538462 0.014423076923076924
0 0.6399038461538461 0.8134615384615385 0.0125 0.012980769230769231
0 0.3004807692307692 0.6365384615384615 0.0125 0.012980769230769231
0 0.052884615384615384 0.7697115384615385 0.013942307692307693 0.014903846153846155
0 0.25384615384615383 0.23221153846153847 0.014423076923076924 0.01875
0 0.5322115384615385 0.23557692307692307 0.013461538461538462 0.014423076923076924
0 0.3125 0.6673076923076923 0.013942307692307693 0.013942307692307693
0 0.7846153846153846 0.5875 0.014903846153846155 0.015865384615384615
0 0.24903846153846154 0.33413461538461536 0.013942307692307693 0.013942307692307693
0 0.7495192307692308 0.6504807692307693 0.016826923076923076 0.01730769230769231
0 0.16490384615384615 0.5014423076923077 0.014903846153846155 0.015865384615384615
0 0.15576923076923077 0.8350961538461539 0.015384615384615385 0.015384615384615385
0 0.739423076923077 0.68125 0.014423076923076924 0.015865384615384615
0 0.49230769230769234 0.7807692307692308 0.012980769230769231 0.013461538461538462
0 0.019230769230769232 0.5100961538461538 0.013461538461538462 0.014423076923076924
0 0.3014423076923077 0.7966346153846153 0.013942307692307693 0.014423076923076924
0 0.6240384615384615 0.8269230769230769 0.014423076923076924 0.014423076923076924
0 0.5610576923076923 0.8052884615384616 0.012980769230769231 0.013461538461538462
0 0.4576923076923077 0.6495192307692308 0.013461538461538462 0.013461538461538462
0 0.26826923076923076 0.2875 0.021153846153846155 0.020673076923076922
0 0.19615384615384615 0.65 0.020673076923076922 0.020673076923076922
0 0.29375 0.7576923076923077 0.020673076923076922 0.021153846153846155
0 0.16490384615384615 0.8360576923076923 0.021153846153846155 0.020673076923076922
0 0.33076923076923076 0.8149038461538461 0.021153846153846155 0.021153846153846155
0 0.41634615384615387 0.8096153846153846 0.020673076923076922 0.020673076923076922
0 0.5456730769230769 0.8028846153846154 0.021153846153846155 0.021153846153846155
0 0.5649038461538461 0.7942307692307692 0.020673076923076922 0.020673076923076922
