0 0.5961538461538461 0.2201923076923077 0.017788461538461538 0.015865384615384615
0 0.5432692307692307 0.6317307692307692 0.016826923076923076 0.017788461538461538
0 0.5115384615384615 0.28125 0.016826923076923076 0.01826923076923077
0 0.02451923076923077 0.17115384615384616 0.01730769230769231 0.016826923076923076
0 0.08317307692307692 0.3778846153846154 0.016346153846153847 0.016346153846153847
0 0.2826923076923077 0.29951923076923076 0.015384615384615385 0.016346153846153847
0 0.31490384615384615 0.6822115384615385 0.01826923076923077 0.01875
0 0.6927884615384615 0.551923076923077 0.015865384615384615 0.016826923076923076
0 0.16442307692307692 0.33125 0.016346153846153847 0.016346153846153847
0 0.38653846153846155 0.7341346153846153 0.016826923076923076 0.01826923076923077
0 0.13942307692307693 0.5600961538461539 0.016826923076923076 0.015865384615384615
0 0.17740384615384616 0.1778846153846154 0.01875 0.01826923076923077
0 0.10673076923076923 0.3346153846153846 0.015865384615384615 0.015384615384615385
0 0.2110576923076923 0.0125 0.016346153846153847 0.016826923076923076
0 0.3019230769230769 0.3326923076923077 0.01730769230769231 0.01875
0 0.29134615384615387 0.5125 0.017788461538461538 0.017788461538461538
0 0.21826923076923077 0.6846153846153846 0.016826923076923076 0.019230769230769232
0 0.1908653846153846 0.3581730769230769 0.016826923076923076 0.01730769230769231
0 0.25432692307692306 0.6528846153846154 0.016826923076923076 0.01730769230769231
0 0.014423076923076924 0.09615384615384616 0.017788461538461538 0.01730769230769231
0 0.04855769230769231 0.07115384615384615 0.01730769230769231 0.01730769230769231
0 0.3716346153846154 0.013942307692307693 0.015865384615384615 0.016346153846153847
0 0.11298076923076923 0.21875 0.016346153846153847 0.01730769230769231
0 0.1360576923076923 0.5125 0.017788461538461538 0.016826923076923076
0 0.1764423076923077 0.13798076923076924 0.016826923076923076 0.017788461538461538
0 0.1639423076923077 0.11201923076923077 0.016346153846153847 0.016826923076923076
0 0.3639423076923077 0.5033653846153846 0.015865384615384615 0.01730769230769231
0 0.026442307692307692 0.7158653846153846 0.017788461538461538 0.016826923076923076
0 0.4028846153846154 0.6855769230769231 0.016346153846153847 0.016826923076923076
0 0.15817307692307692 0.8778846153846154 0.019230769230769232 0.020673076923076922
0 0.06538461538461539 0.5903846153846154 0.016826923076923076 0.017788461538461538
0 0.5793269230769231 0.7701923076923077 0.01730769230769231 0.01826923076923077
0 0.4600961538461538 0.23798076923076922 0.016346153846153847 0.01730769230769231
0 0.3841346153846154 0.5754807692307692 0.015865384615384615 0.017788461538461538
0 0.15528846153846154 0.25817307692307695 0.016826923076923076 0.01826923076923077
0 0.2692307692307692 0.3903846153846154 0.009615384615384616 0.016346153846153847
0 0.05384615384615385 0.5889423076923077 0.016826923076923076 0.016826923076923076
0 0.1293269230769231 0.18653846153846154 0.016826923076923076 0.01875
0 0.1485576923076923 0.7932692307692307 0.015865384615384615 0.01730769230769231
0 0.013461538461538462 0.11730769230769231 0.017788461538461538 0.017788461538461538
0 0.11490384615384615 0.6331730769230769 0.01826923076923077 0.019230769230769232
0 0.10288461538461538 0.29375 0.016346153846153847 0.016826923076923076
0 0.12163461538461538 0.625 0.016346153846153847 0.01971153846153846
0 0.3211538461538462 0.4110576923076923 0.016346153846153847 0.01730769230769231
0 0.25769230769230766 0.6639423076923077 0.01730769230769231 0.01971153846153846
0 0.07211538461538461 0.12355769230769231 0.016346153846153847 0.01730769230769231
0 0.18798076923076923 0.022596153846153846 0.020192307692307693 0.020673076923076922
0 0.37115384615384617 0.0125 0.020673076923076922 0.020673076923076922
0 0.3798076923076923 0.022115384615384617 0.020192307692307693 0.020673076923076922
0 0.49182692307692305 0.03125 0.020673076923076922 0.020192307692307693
0 0.36153846153846153 0.08701923076923077 0.020673076923076922 0.020673076923076922
0 0.14951923076923077 0.08173076923076923 0.020192307692307693 0.020192307692307693
0 0.13076923076923078 0.09326923076923077 0.020673076923076922 0.020192307692307693
0 0.10144230769230769 0.09375 0.020192307692307693 0.020192307692307693
0 0.09182692307692308 0.06778846153846153 0.020192307692307693 0.020673076923076922
0 0.06057692307692308 0.09134615384615384 0.020192307692307693 0.020192307692307693
0 0.09038461538461538 0.1326923076923077 0.020673076923076922 0.020673076923076922
0 0.022115384615384617 0.12788461538461537 0.020192307692307693 0.020673076923076922
0 0.014423076923076924 0.11971153846153847 0.020192307692307693 0.020192307692307693
0 0.3918269230769231 0.2548076923076923 0.020192307692307693 0.020192307692307693
0 0.3091346153846154 0.3581730769230769 0.020673076923076922 0.020192307692307693
0 0.32211538461538464 0.38990384615384616 0.020192307692307693 0.020673076923076922
0 0.2528846153846154 0.32403846153846155 0.020192307692307693 0.020192307692307693
0 0.10913461538461539 0.34471153846153846 0.020673076923076922 0.020673076923076922
0 0.10721153846153846 0.3317307692307692 0.020673076923076922 0.020192307692307693
0 0.1951923076923077 0.4360576923076923 0.020192307692307693 0.020673076923076922
0 0.3490384615384615 0.5798076923076924 0.020192307692307693 0.020673076923076922
0 0.07740384615384616 0.6004807692307692 0.020192307692307693 0.020192307692307693
0 0.06346153846153846 0.5889423076923077 0.020673076923076922 0.020192307692307693
0 0.05144230769230769 0.5875 0.020673076923076922 0.020673076923076922
0 0.2 0.89375 0.020192307692307693 0.020192307692307693
0 0.13990384615384616 0.8745192307692308 0.020192307692307693 0.020192307692307693
