0 0.6384615384615384 0.708173076923077 0.013942307692307693 0.014903846153846155
0 0.4653846153846154 0.4596153846153846 0.012980769230769231 0.013461538461538462
0 0.28076923076923077 0.551923076923077 0.013461538461538462 0.014903846153846155
0 0.4971153846153846 0.13221153846153846 0.013461538461538462 0.01201923076923077
0 0.6019230769230769 0.026923076923076925 0.012980769230769231 0.013461538461538462
0 0.1201923076923077 0.6913461538461538 0.013461538461538462 0.014423076923076924
0 0.035096153846153846 0.15336538461538463 0.013461538461538462 0.013461538461538462
0 0.31826923076923075 0.5764423076923076 0.013461538461538462 0.012980769230769231
0 0.8274038461538461 0.46298076923076925 0.012980769230769231 0.0125
0 0.3543269230769231 0.29615384615384616 0.012980769230769231 0.01201923076923077
0 0.37115384615384617 0.49230769230769234 0.013461538461538462 0.013942307692307693
0 0.6625 0.08509615384615385 0.012980769230769231 0.011057692307692308
0 0.7086538461538462 0.05048076923076923 0.012980769230769231 0.01201923076923077
0 0.6399038461538461 0.27307692307692305 0.012980769230769231 0.013461538461538462
0 0.635576923076923 0.16105769230769232 0.012980769230769231 0.0125
0 0.5649038461538461 0.43317307692307694 0.015384615384615385 0.013461538461538462
0 0.5524038461538462 0.2466346153846154 0.014903846153846155 0.015865384615384615
0 0.36346153846153845 0.49759615384615385 0.013461538461538462 0.013461538461538462
0 0.5956730769230769 0.2620192307692308 0.020192307692307693 0.020673076923076922
0 0.6086538461538461 0.2932692307692308 0.020673076923076922 0.020673076923076922
0 0.4581730769230769 0.4528846153846154 0.020673076923076922 0.020673076923076922
