0 0.6822115384615385 0.3903846153846154 0.011057692307692308 0.011538461538461539
0 0.8245192307692307 0.3663461538461538 0.0125 0.0125
0 0.6706730769230769 0.4653846153846154 0.011538461538461539 0.0125
0 0.4514423076923077 0.7182692307692308 0.011538461538461539 0.01201923076923077
0 0.8009615384615385 0.49278846153846156 0.011538461538461539 0.01201923076923077
0 0.5307692307692308 0.09711538461538462 0.01201923076923077 0.01201923076923077
0 0.6918269230769231 0.6139423076923077 0.0125 0.013461538461538462
0 0.37259615384615385 0.3139423076923077 0.012980769230769231 0.014423076923076924
0 0.2831730769230769 0.28846153846153844 0.01201923076923077 0.012980769230769231
0 0.12403846153846154 0.21490384615384617 0.010096153846153847 0.011538461538461539
0 0.3817307692307692 0.551923076923077 0.011538461538461539 0.010576923076923078
0 0.833173076923077 0.2360576923076923 0.01201923076923077 0.013942307692307693
0 0.8028846153846154 0.2591346153846154 0.01201923076923077 0.01201923076923077
0 0.575 0.3091346153846154 0.0125 0.012980769230769231
0 0.2745192307692308 0.11394230769230769 0.01201923076923077 0.012980769230769231
0 0.3057692307692308 0.15144230769230768 0.011538461538461539 0.010576923076923078
0 0.5735576923076923 0.5985576923076923 0.011538461538461539 0.012980769230769231
0 0.014903846153846155 0.24182692307692308 0.011538461538461539 0.013461538461538462
0 0.19807692307692307 0.20721153846153847 0.011538461538461539 0.011538461538461539
0 0.6735576923076924 0.3144230769230769 0.0125 0.01201923076923077
0 0.4980769230769231 0.3408653846153846 0.011538461538461539 0.011538461538461539
0 0.15673076923076923 0.028846153846153848 0.01201923076923077 0.014903846153846155
0 0.28701923076923075 0.42115384615384616 0.0125 0.012980769230769231
0 0.7389423076923077 0.4860576923076923 0.010576923076923078 0.010096153846153847
0 0.3764423076923077 0.46923076923076923 0.011057692307692308 0.01201923076923077
0 0.5625 0.5711538461538461 0.012980769230769231 0.014423076923076924
0 0.40240384615384617 0.6475961538461539 0.01201923076923077 0.013942307692307693
0 0.5865384615384616 0.5605769230769231 0.011057692307692308 0.01201923076923077
0 0.3033653846153846 0.4048076923076923 0.010576923076923078 0.01201923076923077
0 0.7610576923076923 0.27548076923076925 0.0125 0.012980769230769231
0 0.43317307692307694 0.020192307692307693 0.011057692307692308 0.012980769230769231
0 0.2283653846153846 0.03076923076923077 0.0125 0.012980769230769231
0 0.7942307692307692 0.3192307692307692 0.01201923076923077 0.012980769230769231
0 0.20240384615384616 0.35384615384615387 0.0125 0.0125
0 0.47836538461538464 0.28076923076923077 0.011057692307692308 0.0125
0 0.8134615384615385 0.6793269230769231 0.01201923076923077 0.01201923076923077
0 0.33942307692307694 0.29471153846153847 0.011057692307692308 0.011538461538461539
0 0.06009615384615385 0.2144230769230769 0.01201923076923077 0.0125
0 0.6629807692307692 0.18125 0.0125 0.0125
0 0.46971153846153846 0.02403846153846154 0.011057692307692308 0.01201923076923077
0 0.6841346153846154 0.17307692307692307 0.0125 0.013461538461538462
0 0.5725961538461538 0.7259615384615384 0.0125 0.0125
0 0.27163461538461536 0.36778846153846156 0.0125 0.0125
0 0.6528846153846154 0.2548076923076923 0.011538461538461539 0.011057692307692308
0 0.3466346153846154 0.25240384615384615 0.01201923076923077 0.012980769230769231
0 0.4798076923076923 0.36778846153846156 0.011057692307692308 0.013461538461538462
0 0.5586538461538462 0.6009615384615384 0.011057692307692308 0.0125
0 0.6923076923076923 0.2625 0.0125 0.0125
0 0.7447115384615385 0.3408653846153846 0.013461538461538462 0.012980769230769231
0 0.6177884615384616 0.3418269230769231 0.011057692307692308 0.01201923076923077
0 0.3956730769230769 0.7201923076923077 0.011057692307692308 0.0125
0 0.6461538461538462 0.20384615384615384 0.01201923076923077 0.012980769230769231
0 0.5230769230769231 0.4879807692307692 0.012980769230769231 0.014423076923076924
0 0.708173076923077 0.42740384615384613 0.01201923076923077 0.01201923076923077
0 0.4014423076923077 0.38076923076923075 0.011057692307692308 0.01201923076923077
0 0.4014423076923077 0.39615384615384613 0.011538461538461539 0.01201923076923077
0 0.3038461538461538 0.04807692307692308 0.0125 0.013942307692307693
0 0.6778846153846154 0.2173076923076923 0.011538461538461539 0.012980769230769231
0 0.055288461538461536 0.2201923076923077 0.011538461538461539 0.014423076923076924
0 0.4716346153846154 0.08798076923076924 0.01201923076923077 0.013461538461538462
0 0.6740384615384616 0.2865384615384615 0.01201923076923077 0.01201923076923077
0 0.645673076923077 0.3629807692307692 0.011057692307692308 0.0125
0 0.1125 0.21634615384615385 0.012980769230769231 0.014903846153846155
0 0.3802884615384615 0.2173076923076923 0.011538461538461539 0.013942307692307693
0 0.25817307692307695 0.2466346153846154 0.01201923076923077 0.012980769230769231
0 0.48173076923076924 0.3370192307692308 0.010576923076923078 0.010576923076923078
0 0.4620192307692308 0.08076923076923077 0.014423076923076924 0.013942307692307693
0 0.6846153846153846 0.22115384615384615 0.011057692307692308 0.01201923076923077
0 0.7336538461538461 0.32067307692307695 0.011538461538461539 0.0125
0 0.32019230769230766 0.30865384615384617 0.01201923076923077 0.0125
0 0.4721153846153846 0.016346153846153847 0.012980769230769231 0.013942307692307693
0 0.4576923076923077 0.6471153846153846 0.011057692307692308 0.011538461538461539
0 0.44759615384615387 0.07067307692307692 0.011538461538461539 0.011057692307692308
0 0.3798076923076923 0.35336538461538464 0.01201923076923077 0.011538461538461539
0 0.39615384615384613 0.6447115384615385 0.011538461538461539 0.011538461538461539
0 0.41009615384615383 0.02548076923076923 0.01971153846153846 0.020192307692307693
0 0.4216346153846154 0.34759615384615383 0.020192307692307693 0.01971153846153846
0 0.6884615384615385 0.3283653846153846 0.01971153846153846 0.01971153846153846
0 0.4283653846153846 0.4495192307692308 0.020192307692307693 0.01971153846153846
0 0.6610576923076923 0.5043269230769231 0.01971153846153846 0.01971153846153846
0 0.7591346153846154 0.45625 0.01971153846153846 0.01971153846153846
