0 0.16875 0.5408653846153846 0.010576923076923078 0.0125
0 0.22115384615384615 0.2173076923076923 0.011057692307692308 0.0125
0 0.3211538461538462 0.7870192307692307 0.012980769230769231 0.012980769230769231
0 0.012980769230769231 0.3471153846153846 0.01201923076923077 0.011538461538461539
0 0.5908653846153846 0.7024038461538461 0.013461538461538462 0.014903846153846155
0 0.36730769230769234 0.18509615384615385 0.013942307692307693 0.012980769230769231
0 0.5798076923076924 0.6086538461538461 0.013942307692307693 0.013461538461538462
0 0.25096153846153846 0.275 0.011057692307692308 0.01201923076923077
0 0.30096153846153845 0.6475961538461539 0.011057692307692308 0.0125
0 0.3778846153846154 0.5427884615384615 0.006730769230769231 0.006730769230769231
0 0.09230769230769231 0.3639423076923077 0.011538461538461539 0.01201923076923077
0 0.7269230769230769 0.14278846153846153 0.01201923076923077 0.011057692307692308
