0 0.5158653846153847 0.4480769230769231 0.016826923076923076 0.01875
0 0.4581730769230769 0.8480769230769231 0.01875 0.01826923076923077
0 0.2721153846153846 0.7519230769230769 0.020192307692307693 0.01971153846153846
0 0.7052884615384616 0.7778846153846154 0.015384615384615385 0.015384615384615385
0 0.6418269230769231 0.645673076923077 0.015865384615384615 0.015865384615384615
0 0.7490384615384615 0.6014423076923077 0.016826923076923076 0.016826923076923076
0 0.7586538461538461 0.5610576923076923 0.015384615384615385 0.015865384615384615
0 0.3855769230769231 0.8485576923076923 0.015865384615384615 0.015865384615384615
0 0.39375 0.8144230769230769 0.015384615384615385 0.016346153846153847
0 0.29759615384615384 0.7173076923076923 0.015865384615384615 0.016346153846153847
0 0.7004807692307692 0.8658653846153846 0.015384615384615385 0.015865384615384615
0 0.15817307692307692 0.5341346153846154 0.015865384615384615 0.015384615384615385
0 0.20865384615384616 0.5384615384615384 0.013461538461538462 0.013461538461538462
