0 0.04519230769230769 0.8216346153846154 0.01201923076923077 0.012980769230769231
0 0.08173076923076923 0.2091346153846154 0.014423076923076924 0.013942307692307693
0 0.45576923076923076 0.21586538461538463 0.011057692307692308 0.012980769230769231
0 0.14038461538461539 0.7774038461538462 0.0125 0.0125
0 0.017788461538461538 0.12884615384615383 0.011538461538461539 0.0125
0 0.5504807692307693 0.6639423076923077 0.013461538461538462 0.013942307692307693
0 0.18509615384615385 0.3350961538461538 0.011057692307692308 0.011057692307692308
0 0.175 0.20432692307692307 0.01201923076923077 0.012980769230769231
0 0.5110576923076923 0.43365384615384617 0.011057692307692308 0.013461538461538462
0 0.275 0.12451923076923077 0.011538461538461539 0.011538461538461539
0 0.2793269230769231 0.7663461538461539 0.010576923076923078 0.010096153846153847
0 0.20961538461538462 0.20721153846153847 0.004807692307692308 0.0057692307692307696
