0 0.05144230769230769 0.4985576923076923 0.021153846153846155 0.021153846153846155
0 0.023076923076923078 0.41875 0.01875 0.019230769230769232
0 0.24615384615384617 0.44759615384615387 0.021153846153846155 0.020673076923076922
0 0.6730769230769231 0.37403846153846154 0.01875 0.020673076923076922
0 0.1951923076923077 0.14807692307692308 0.021153846153846155 0.022596153846153846
0 0.24711538461538463 0.14038461538461539 0.019230769230769232 0.020192307692307693
0 0.09182692307692308 0.44182692307692306 0.020673076923076922 0.022115384615384617
0 0.7466346153846154 0.10817307692307693 0.020673076923076922 0.021634615384615384
0 0.40384615384615385 0.15240384615384617 0.01826923076923077 0.020192307692307693
0 0.7197115384615385 0.1798076923076923 0.01826923076923077 0.01826923076923077
0 0.5682692307692307 0.5048076923076923 0.01826923076923077 0.01826923076923077
