0 0.20240384615384616 0.04855769230769231 0.011538461538461539 0.011538461538461539
0 0.25576923076923075 0.25721153846153844 0.011057692307692308 0.011538461538461539
0 0.1860576923076923 0.8418269230769231 0.01201923076923077 0.0125
0 0.19326923076923078 0.23221153846153847 0.009615384615384616 0.009615384615384616
0 0.08076923076923077 0.3269230769230769 0.01201923076923077 0.011538461538461539
0 0.22355769230769232 0.19230769230769232 0.014423076923076924 0.013942307692307693
0 0.08028846153846154 0.16201923076923078 0.009134615384615385 0.009134615384615385
0 0.1264423076923077 0.09519230769230769 0.010576923076923078 0.011057692307692308
0 0.28028846153846154 0.13173076923076923 0.011057692307692308 0.011057692307692308
0 0.1 0.7168269230769231 0.013461538461538462 0.013461538461538462
0 0.04855769230769231 0.15384615384615385 0.012980769230769231 0.012980769230769231
0 0.3173076923076923 0.24471153846153845 0.013942307692307693 0.013942307692307693
0 0.10865384615384616 0.7870192307692307 0.01730769230769231 0.01730769230769231
