0 0.7317307692307692 0.6033653846153846 0.013461538461538462 0.013461538461538462
0 0.15384615384615385 0.6605769230769231 0.014423076923076924 0.014903846153846155
0 0.3798076923076923 0.08701923076923077 0.014903846153846155 0.015384615384615385
0 0.21682692307692308 0.7456730769230769 0.013942307692307693 0.01730769230769231
0 0.7932692307692307 0.1951923076923077 0.012980769230769231 0.013461538461538462
0 0.7264423076923077 0.12596153846153846 0.013461538461538462 0.013942307692307693
0 0.1764423076923077 0.3230769230769231 0.014423076923076924 0.015384615384615385
0 0.6711538461538461 0.11009615384615384 0.012980769230769231 0.014423076923076924
0 0.4740384615384615 0.71875 0.013942307692307693 0.01730769230769231
0 0.5774038461538461 0.4600961538461538 0.011538461538461539 0.011538461538461539
0 0.23365384615384616 0.7235576923076923 0.013461538461538462 0.014423076923076924
0 0.5586538461538462 0.08461538461538462 0.014423076923076924 0.014903846153846155
0 0.6269230769230769 0.22596153846153846 0.0125 0.012980769230769231
0 0.5495192307692308 0.10865384615384616 0.013461538461538462 0.012980769230769231
0 0.16298076923076923 0.3875 0.016346153846153847 0.017788461538461538
0 0.7423076923076923 0.7740384615384616 0.01201923076923077 0.0125
0 0.6754807692307693 0.7384615384615385 0.012980769230769231 0.014903846153846155
0 0.17307692307692307 0.08605769230769231 0.015865384615384615 0.01730769230769231
0 0.4360576923076923 0.6475961538461539 0.01201923076923077 0.0125
0 0.37932692307692306 0.5548076923076923 0.013942307692307693 0.013942307692307693
0 0.4774038461538462 0.7269230769230769 0.01201923076923077 0.01201923076923077
0 0.676923076923077 0.7177884615384615 0.012980769230769231 0.013461538461538462
0 0.18028846153846154 0.16778846153846153 0.014903846153846155 0.016346153846153847
0 0.5201923076923077 0.4 0.0125 0.0125
0 0.6754807692307693 0.22355769230769232 0.021153846153846155 0.021153846153846155
0 0.23076923076923078 0.5504807692307693 0.021153846153846155 0.021153846153846155
0 0.20432692307692307 0.5524038461538462 0.021153846153846155 0.021634615384615384
0 0.5307692307692308 0.573076923076923 0.021153846153846155 0.021153846153846155
0 0.5086538461538461 0.78125 0.021153846153846155 0.021153846153846155
0 0.6350961538461538 0.7625 0.021153846153846155 0.021153846153846155
0 0.6360576923076923 0.8076923076923077 0.021153846153846155 0.021153846153846155
