0 0.7985576923076924 0.11971153846153847 0.022115384615384617 0.022596153846153846
0 0.7701923076923077 0.30096153846153845 0.020673076923076922 0.019230769230769232
0 0.6057692307692307 0.2759615384615385 0.022115384615384617 0.02403846153846154
0 0.7211538461538461 0.6230769230769231 0.021153846153846155 0.021153846153846155
0 0.3144230769230769 0.06682692307692308 0.022596153846153846 0.022115384615384617
0 0.10913461538461539 0.08317307692307692 0.021634615384615384 0.022596153846153846
0 0.022596153846153846 0.37932692307692306 0.01971153846153846 0.021634615384615384
0 0.15432692307692308 0.07451923076923077 0.021153846153846155 0.022115384615384617
0 0.7033653846153847 0.6028846153846154 0.022115384615384617 0.022115384615384617
0 0.6403846153846153 0.06923076923076923 0.019230769230769232 0.01971153846153846
0 0.16682692307692307 0.375 0.021634615384615384 0.020673076923076922
0 0.5019230769230769 0.4149038461538462 0.019230769230769232 0.019230769230769232
