0 0.2860576923076923 0.6182692307692308 0.011057692307692308 0.011538461538461539
0 0.04519230769230769 0.3956730769230769 0.011538461538461539 0.01201923076923077
0 0.21826923076923077 0.1596153846153846 0.010096153846153847 0.010096153846153847
0 0.3956730769230769 0.4600961538461538 0.009615384615384616 0.010096153846153847
0 0.3177884615384615 0.6115384615384616 0.009615384615384616 0.010096153846153847
0 0.10673076923076923 0.5725961538461538 0.010096153846153847 0.010576923076923078
0 0.5177884615384616 0.34134615384615385 0.011538461538461539 0.011057692307692308
0 0.40721153846153846 0.10288461538461538 0.011538461538461539 0.011538461538461539
0 0.35336538461538464 0.18653846153846154 0.010576923076923078 0.011538461538461539
0 0.5913461538461539 0.14182692307692307 0.010096153846153847 0.010096153846153847
0 0.16538461538461538 0.16201923076923078 0.009615384615384616 0.010576923076923078
0 0.2153846153846154 0.041346153846153845 0.01201923076923077 0.0125
0 0.34375 0.39615384615384613 0.011057692307692308 0.01201923076923077
0 0.7086538461538462 0.06538461538461539 0.009615384615384616 0.009615384615384616
0 0.06201923076923077 0.16538461538461538 0.011057692307692308 0.011538461538461539
0 0.5211538461538462 0.3091346153846154 0.009615384615384616 0.010576923076923078
0 0.3721153846153846 0.057692307692307696 0.011538461538461539 0.01201923076923077
0 0.4543269230769231 0.4403846153846154 0.010576923076923078 0.011057692307692308
0 0.39903846153846156 0.5629807692307692 0.010096153846153847 0.010096153846153847
0 0.3663461538461538 0.35673076923076924 0.01201923076923077 0.01201923076923077
0 0.05576923076923077 0.2620192307692308 0.0125 0.012980769230769231
0 0.14567307692307693 0.21201923076923077 0.009615384615384616 0.010576923076923078
0 0.4091346153846154 0.5 0.009134615384615385 0.010576923076923078
0 0.34807692307692306 0.041346153846153845 0.011538461538461539 0.011538461538461539
0 0.5447115384615384 0.3956730769230769 0.010096153846153847 0.010576923076923078
0 0.5961538461538461 0.2567307692307692 0.010096153846153847 0.010576923076923078
0 0.08701923076923077 0.6110576923076924 0.010576923076923078 0.011538461538461539
0 0.06538461538461539 0.0889423076923077 0.010576923076923078 0.011538461538461539
0 0.010576923076923078 0.4576923076923077 0.011538461538461539 0.011538461538461539
0 0.18798076923076923 0.07692307692307693 0.008653846153846154 0.009615384615384616
0 0.3019230769230769 0.075 0.01201923076923077 0.0125
0 0.08461538461538462 0.3110576923076923 0.010576923076923078 0.011057692307692308
0 0.31971153846153844 0.3485576923076923 0.010576923076923078 0.010576923076923078
0 0.11778846153846154 0.5341346153846154 0.010096153846153847 0.011057692307692308
0 0.040865384615384616 0.48365384615384616 0.01201923076923077 0.013461538461538462
0 0.08653846153846154 0.4264423076923077 0.011538461538461539 0.011538461538461539
0 0.14807692307692308 0.4735576923076923 0.011057692307692308 0.011538461538461539
0 0.27115384615384613 0.5 0.010576923076923078 0.010576923076923078
0 0.055288461538461536 0.23125 0.01201923076923077 0.0125
0 0.06442307692307692 0.5817307692307693 0.011538461538461539 0.01201923076923077
0 0.27115384615384613 0.24134615384615385 0.010576923076923078 0.011538461538461539
0 0.2841346153846154 0.5918269230769231 0.011057692307692308 0.011538461538461539
0 0.5245192307692308 0.4288461538461538 0.009615384615384616 0.010096153846153847
0 0.04519230769230769 0.6240384615384615 0.01201923076923077 0.01201923076923077
0 0.4528846153846154 0.39807692307692305 0.010096153846153847 0.010576923076923078
0 0.014903846153846155 0.2048076923076923 0.011538461538461539 0.011538461538461539
0 0.18701923076923077 0.5144230769230769 0.011538461538461539 0.011538461538461539
0 0.5125 0.23701923076923076 0.011057692307692308 0.011538461538461539
0 0.08509615384615385 0.4740384615384615 0.010096153846153847 0.011057692307692308
0 0.0673076923076923 0.13125 0.011538461538461539 0.012980769230769231
0 0.03125 0.475 0.01201923076923077 0.012980769230769231
0 0.5721153846153846 0.06490384615384616 0.009615384615384616 0.010096153846153847
0 0.15913461538461537 0.4740384615384615 0.01201923076923077 0.01201923076923077
0 0.3975961538461538 0.04855769230769231 0.011538461538461539 0.0125
0 0.5153846153846153 0.2548076923076923 0.010096153846153847 0.011538461538461539
0 0.09182692307692308 0.38846153846153847 0.011057692307692308 0.011538461538461539
0 0.6913461538461538 0.15865384615384615 0.01201923076923077 0.01201923076923077
0 0.48990384615384613 0.31346153846153846 0.011057692307692308 0.01201923076923077
0 0.7177884615384615 0.14278846153846153 0.011538461538461539 0.01201923076923077
0 0.38076923076923075 0.2692307692307692 0.012980769230769231 0.012980769230769231
0 0.6024038461538461 0.0673076923076923 0.010096153846153847 0.011057692307692308
0 0.03942307692307692 0.5788461538461539 0.011538461538461539 0.01201923076923077
0 0.29903846153846153 0.19471153846153846 0.013942307692307693 0.013461538461538462
0 0.35 0.29471153846153847 0.011057692307692308 0.011057692307692308
0 0.051923076923076926 0.13653846153846153 0.0125 0.012980769230769231
0 0.5442307692307692 0.33653846153846156 0.01201923076923077 0.012980769230769231
0 0.31346153846153846 0.23365384615384616 0.01826923076923077 0.01826923076923077
0 0.16153846153846155 0.5951923076923077 0.01826923076923077 0.01826923076923077
0 0.4254807692307692 0.4980769230769231 0.01826923076923077 0.017788461538461538
