0 0.5096153846153846 0.475 0.012980769230769231 0.0125
0 0.5427884615384615 0.01201923076923077 0.015865384615384615 0.015865384615384615
0 0.028846153846153848 0.023557692307692307 0.014903846153846155 0.014423076923076924
0 0.05384615384615385 0.5860576923076923 0.013461538461538462 0.014423076923076924
0 0.7600961538461538 0.2639423076923077 0.014903846153846155 0.015384615384615385
0 0.047115384615384615 0.48509615384615384 0.013461538461538462 0.013942307692307693
0 0.016346153846153847 0.6485576923076923 0.013942307692307693 0.015865384615384615
0 0.4033653846153846 0.6581730769230769 0.014903846153846155 0.014903846153846155
0 0.16778846153846153 0.6932692307692307 0.014423076923076924 0.014423076923076924
0 0.18557692307692308 0.59375 0.012980769230769231 0.013942307692307693
0 0.7274038461538461 0.5610576923076923 0.013461538461538462 0.012980769230769231
0 0.44182692307692306 0.6985576923076923 0.014423076923076924 0.014423076923076924
0 0.20192307692307693 0.6307692307692307 0.013461538461538462 0.013942307692307693
0 0.11057692307692307 0.5711538461538461 0.013942307692307693 0.014423076923076924
0 0.7384615384615385 0.5966346153846154 0.022115384615384617 0.022115384615384617
0 0.04855769230769231 0.6216346153846154 0.022596153846153846 0.022115384615384617
0 0.15048076923076922 0.6966346153846154 0.022115384615384617 0.022115384615384617
