0 0.010096153846153847 0.02980769230769231 0.010576923076923078 0.011057692307692308
0 0.9072115384615385 0.6552884615384615 0.01201923076923077 0.014423076923076924
0 0.8153846153846154 0.6711538461538461 0.011057692307692308 0.011057692307692308
0 0.8221153846153846 0.5581730769230769 0.010576923076923078 0.011057692307692308
0 0.8798076923076923 0.3105769230769231 0.007211538461538462 0.007211538461538462
0 0.825 0.35865384615384616 0.014903846153846155 0.014423076923076924
0 0.41009615384615383 0.0625 0.006730769230769231 0.006730769230769231
0 0.5649038461538461 0.17115384615384616 0.0125 0.013942307692307693
0 0.5725961538461538 0.12788461538461537 0.010576923076923078 0.0125
0 0.8942307692307693 0.5245192307692308 0.011538461538461539 0.012980769230769231
0 0.9177884615384615 0.007692307692307693 0.004807692307692308 0.00625
0 0.9211538461538461 0.013942307692307693 0.005288461538461539 0.0057692307692307696
0 0.5754807692307692 0.16875 0.014903846153846155 0.013461538461538462
