0 0.4932692307692308 0.7798076923076923 0.015865384615384615 0.015865384615384615
0 0.4932692307692308 0.05913461538461538 0.016826923076923076 0.01875
0 0.39278846153846153 0.6567307692307692 0.015384615384615385 0.016826923076923076
0 0.29471153846153847 0.551923076923077 0.015865384615384615 0.015865384615384615
0 0.16442307692307692 0.5451923076923076 0.016346153846153847 0.015865384615384615
0 0.06778846153846153 0.13653846153846153 0.015865384615384615 0.014903846153846155
0 0.13317307692307692 0.3346153846153846 0.016346153846153847 0.01826923076923077
0 0.39278846153846153 0.41442307692307695 0.015384615384615385 0.015865384615384615
0 0.11394230769230769 0.34278846153846154 0.016346153846153847 0.015384615384615385
0 0.5913461538461539 0.10528846153846154 0.021634615384615384 0.021153846153846155
0 0.2721153846153846 0.4519230769230769 0.021634615384615384 0.021153846153846155
0 0.5855769230769231 0.44134615384615383 0.021153846153846155 0.021153846153846155
