0 0.13846153846153847 0.39903846153846156 0.016826923076923076 0.01826923076923077
0 0.18365384615384617 0.10865384615384616 0.015384615384615385 0.016346153846153847
0 0.21634615384615385 0.4423076923076923 0.017788461538461538 0.020673076923076922
0 0.37451923076923077 0.05480769230769231 0.016346153846153847 0.017788461538461538
0 0.025961538461538463 0.12163461538461538 0.016826923076923076 0.01730769230769231
0 0.2980769230769231 0.1701923076923077 0.016826923076923076 0.017788461538461538
0 0.12115384615384615 0.27884615384615385 0.01826923076923077 0.019230769230769232
0 0.6572115384615385 0.5817307692307693 0.017788461538461538 0.01826923076923077
0 0.41923076923076924 0.22067307692307692 0.014903846153846155 0.016346153846153847
0 0.03653846153846154 0.07211538461538461 0.015384615384615385 0.016826923076923076
0 0.4932692307692308 0.08173076923076923 0.016826923076923076 0.01826923076923077
0 0.08798076923076924 0.7572115384615384 0.016826923076923076 0.01826923076923077
0 0.7096153846153846 0.21201923076923077 0.015865384615384615 0.015865384615384615
0 0.015384615384615385 0.07115384615384615 0.01730769230769231 0.017788461538461538
0 0.06778846153846153 0.14471153846153847 0.016826923076923076 0.01730769230769231
0 0.1346153846153846 0.4735576923076923 0.01730769230769231 0.016826923076923076
0 0.26009615384615387 0.37548076923076923 0.01730769230769231 0.01730769230769231
0 0.12355769230769231 0.7048076923076924 0.016826923076923076 0.01826923076923077
0 0.3894230769230769 0.08653846153846154 0.015865384615384615 0.01730769230769231
0 0.6942307692307692 0.07932692307692307 0.015384615384615385 0.016346153846153847
0 0.37259615384615385 0.04326923076923077 0.016826923076923076 0.01730769230769231
0 0.09326923076923077 0.7485576923076923 0.015865384615384615 0.01730769230769231
0 0.12788461538461537 0.4841346153846154 0.016826923076923076 0.01730769230769231
0 0.6658653846153846 0.08461538461538462 0.015865384615384615 0.016346153846153847
0 0.08413461538461539 0.4581730769230769 0.020192307692307693 0.020192307692307693
