0 0.18942307692307692 0.6216346153846154 0.0125 0.0125
0 0.45865384615384613 0.5514423076923077 0.01201923076923077 0.0125
0 0.44375 0.7350961538461539 0.009615384615384616 0.010096153846153847
0 0.1764423076923077 0.5144230769230769 0.011538461538461539 0.012980769230769231
0 0.08461538461538462 0.6177884615384616 0.0125 0.0125
0 0.3903846153846154 0.666826923076923 0.0125 0.0125
0 0.13990384615384616 0.5634615384615385 0.009134615384615385 0.011057692307692308
0 0.38076923076923075 0.3326923076923077 0.009615384615384616 0.0125
0 0.18653846153846154 0.23173076923076924 0.012980769230769231 0.011057692307692308
0 0.16442307692307692 0.8341346153846154 0.015384615384615385 0.015384615384615385
