0 0.5682692307692307 0.36538461538461536 0.010576923076923078 0.010576923076923078
0 0.046153846153846156 0.2725961538461538 0.009615384615384616 0.010096153846153847
0 0.7163461538461539 0.59375 0.010576923076923078 0.011057692307692308
0 0.7375 0.3278846153846154 0.010576923076923078 0.011538461538461539
0 0.6663461538461538 0.05 0.010096153846153847 0.010576923076923078
0 0.1673076923076923 0.31971153846153844 0.009615384615384616 0.010576923076923078
0 0.2706730769230769 0.4855769230769231 0.010576923076923078 0.011057692307692308
0 0.5456730769230769 0.7139423076923077 0.011057692307692308 0.011538461538461539
0 0.7014423076923076 0.2971153846153846 0.009615384615384616 0.010096153846153847
0 0.6677884615384615 0.1264423076923077 0.010096153846153847 0.010096153846153847
0 0.5076923076923077 0.3889423076923077 0.010096153846153847 0.011057692307692308
0 0.5764423076923076 0.5307692307692308 0.010096153846153847 0.011057692307692308
0 0.34278846153846154 0.34807692307692306 0.009134615384615385 0.009615384615384616
0 0.3384615384615385 0.6629807692307692 0.010096153846153847 0.010096153846153847
0 0.18221153846153845 0.5302884615384615 0.009134615384615385 0.009615384615384616
0 0.6778846153846154 0.23221153846153847 0.010096153846153847 0.010576923076923078
0 0.6283653846153846 0.3721153846153846 0.009615384615384616 0.010096153846153847
0 0.43365384615384617 0.4009615384615385 0.010096153846153847 0.010096153846153847
0 0.6192307692307693 0.28942307692307695 0.010096153846153847 0.010096153846153847
0 0.4269230769230769 0.46826923076923077 0.010096153846153847 0.010576923076923078
0 0.2533653846153846 0.38076923076923075 0.009615384615384616 0.010096153846153847
0 0.5802884615384616 0.07163461538461538 0.010096153846153847 0.010096153846153847
0 0.5240384615384616 0.33557692307692305 0.010576923076923078 0.011057692307692308
0 0.7120192307692308 0.49951923076923077 0.009615384615384616 0.009615384615384616
0 0.4735576923076923 0.3605769230769231 0.009615384615384616 0.010096153846153847
0 0.53125 0.12980769230769232 0.010096153846153847 0.010576923076923078
0 0.2567307692307692 0.23653846153846153 0.009134615384615385 0.009615384615384616
0 0.43317307692307694 0.42740384615384613 0.010576923076923078 0.010576923076923078
0 0.36490384615384613 0.0889423076923077 0.009615384615384616 0.010096153846153847
0 0.6115384615384616 0.3264423076923077 0.010096153846153847 0.010096153846153847
0 0.5610576923076923 0.5918269230769231 0.010096153846153847 0.010096153846153847
0 0.5115384615384615 0.02451923076923077 0.010576923076923078 0.010576923076923078
0 0.39375 0.2514423076923077 0.010576923076923078 0.011057692307692308
0 0.7451923076923077 0.5644230769230769 0.010096153846153847 0.011057692307692308
0 0.24807692307692308 0.07307692307692308 0.009615384615384616 0.010576923076923078
0 0.6538461538461539 0.5125 0.011057692307692308 0.011538461538461539
0 0.7625 0.3216346153846154 0.011057692307692308 0.011538461538461539
0 0.32596153846153847 0.07307692307692308 0.009615384615384616 0.010576923076923078
0 0.6399038461538461 0.4360576923076923 0.009615384615384616 0.010576923076923078
0 0.40865384615384615 0.6783653846153846 0.01201923076923077 0.0125
0 0.7701923076923077 0.1 0.009615384615384616 0.009615384615384616
0 0.49903846153846154 0.5254807692307693 0.010576923076923078 0.011057692307692308
0 0.6552884615384615 0.31201923076923077 0.010576923076923078 0.011538461538461539
0 0.058173076923076925 0.1625 0.008173076923076924 0.008173076923076924
0 0.7629807692307692 0.6158653846153846 0.011538461538461539 0.011538461538461539
0 0.6331730769230769 0.16538461538461538 0.010096153846153847 0.010576923076923078
0 0.18125 0.5528846153846154 0.011538461538461539 0.011538461538461539
0 0.49038461538461536 0.01201923076923077 0.009134615384615385 0.009615384615384616
0 0.2903846153846154 0.13317307692307692 0.010096153846153847 0.010096153846153847
0 0.1519230769230769 0.017788461538461538 0.009615384615384616 0.010096153846153847
0 0.6841346153846154 0.4048076923076923 0.010096153846153847 0.010096153846153847
0 0.2533653846153846 0.6783653846153846 0.010096153846153847 0.011057692307692308
0 0.24326923076923077 0.6024038461538461 0.010576923076923078 0.011057692307692308
0 0.38076923076923075 0.4125 0.010576923076923078 0.011057692307692308
0 0.23413461538461539 0.1596153846153846 0.010576923076923078 0.011538461538461539
0 0.5634615384615385 0.2567307692307692 0.009134615384615385 0.010096153846153847
0 0.5524038461538462 0.46875 0.010576923076923078 0.011057692307692308
0 0.7278846153846154 0.5663461538461538 0.010576923076923078 0.011057692307692308
0 0.7350961538461539 0.6475961538461539 0.010096153846153847 0.011057692307692308
0 0.6966346153846154 0.19615384615384615 0.011057692307692308 0.011538461538461539
0 0.5990384615384615 0.3783653846153846 0.011538461538461539 0.011538461538461539
0 0.6019230769230769 0.5153846153846153 0.009134615384615385 0.009615384615384616
0 0.6163461538461539 0.6192307692307693 0.011538461538461539 0.01201923076923077
0 0.6153846153846154 0.4716346153846154 0.010576923076923078 0.011538461538461539
0 0.6091346153846153 0.0985576923076923 0.009615384615384616 0.010096153846153847
0 0.47307692307692306 0.49759615384615385 0.010096153846153847 0.011057692307692308
0 0.7158653846153846 0.22548076923076923 0.011057692307692308 0.011057692307692308
0 0.575 0.4110576923076923 0.011057692307692308 0.011538461538461539
0 0.7009615384615384 0.5355769230769231 0.010096153846153847 0.010096153846153847
0 0.2725961538461538 0.35865384615384616 0.009615384615384616 0.011057692307692308
0 0.6057692307692307 0.19326923076923078 0.009134615384615385 0.009615384615384616
0 0.3971153846153846 0.29278846153846155 0.011057692307692308 0.01201923076923077
0 0.23173076923076924 0.47644230769230766 0.011057692307692308 0.011538461538461539
0 0.3682692307692308 0.17548076923076922 0.010576923076923078 0.011538461538461539
0 0.4230769230769231 0.6024038461538461 0.011538461538461539 0.012980769230769231
0 0.6019230769230769 0.5639423076923077 0.009615384615384616 0.010576923076923078
0 0.5211538461538462 0.5971153846153846 0.009615384615384616 0.010096153846153847
0 0.6168269230769231 0.6740384615384616 0.011538461538461539 0.01201923076923077
0 0.6274038461538461 0.022115384615384617 0.010096153846153847 0.010096153846153847
0 0.23125 0.45240384615384616 0.009134615384615385 0.009615384615384616
0 0.5995192307692307 0.12596153846153846 0.011057692307692308 0.01201923076923077
0 0.7567307692307692 0.6947115384615384 0.010576923076923078 0.011057692307692308
0 0.4653846153846154 0.17548076923076922 0.008653846153846154 0.009134615384615385
0 0.375 0.2201923076923077 0.010096153846153847 0.011057692307692308
0 0.07740384615384616 0.1605769230769231 0.009615384615384616 0.010096153846153847
0 0.5259615384615385 0.43653846153846154 0.009134615384615385 0.010576923076923078
0 0.3802884615384615 0.04230769230769231 0.011538461538461539 0.0125
0 0.45576923076923076 0.4778846153846154 0.010576923076923078 0.011057692307692308
0 0.3057692307692308 0.28557692307692306 0.010096153846153847 0.010576923076923078
0 0.5298076923076923 0.5764423076923076 0.010576923076923078 0.011057692307692308
0 0.3096153846153846 0.44759615384615387 0.011057692307692308 0.01201923076923077
0 0.575 0.6298076923076923 0.01201923076923077 0.013942307692307693
0 0.6793269230769231 0.5048076923076923 0.01201923076923077 0.012980769230769231
0 0.5408653846153846 0.42788461538461536 0.011057692307692308 0.01201923076923077
0 0.5980769230769231 0.46923076923076923 0.010576923076923078 0.011538461538461539
0 0.5168269230769231 0.5288461538461539 0.011057692307692308 0.01201923076923077
0 0.24951923076923077 0.20192307692307693 0.014903846153846155 0.014903846153846155
0 0.23317307692307693 0.14278846153846153 0.010576923076923078 0.010576923076923078
0 0.7302884615384615 0.2221153846153846 0.011057692307692308 0.011538461538461539
0 0.5298076923076923 0.5557692307692308 0.010096153846153847 0.010576923076923078
0 0.51875 0.5110576923076923 0.010576923076923078 0.010576923076923078
0 0.5432692307692307 0.04278846153846154 0.010096153846153847 0.011057692307692308
0 0.6427884615384616 0.6860576923076923 0.01201923076923077 0.01201923076923077
0 0.3326923076923077 0.4269230769230769 0.009134615384615385 0.009615384615384616
0 0.3158653846153846 0.021153846153846155 0.011538461538461539 0.01201923076923077
0 0.6956730769230769 0.3951923076923077 0.010096153846153847 0.011057692307692308
0 0.30528846153846156 0.45721153846153845 0.010576923076923078 0.010576923076923078
0 0.6913461538461538 0.45528846153846153 0.009615384615384616 0.010096153846153847
0 0.59375 0.6264423076923077 0.014423076923076924 0.014423076923076924
0 0.6552884615384615 0.3004807692307692 0.010576923076923078 0.010576923076923078
0 0.6110576923076924 0.6307692307692307 0.0125 0.013461538461538462
0 0.6615384615384615 0.5653846153846154 0.011538461538461539 0.01201923076923077
0 0.6038461538461538 0.6048076923076923 0.013461538461538462 0.013942307692307693
0 0.70625 0.5442307692307692 0.010096153846153847 0.010576923076923078
0 0.3456730769230769 0.5634615384615385 0.01201923076923077 0.011538461538461539
0 0.41923076923076924 0.6139423076923077 0.010096153846153847 0.010576923076923078
0 0.5769230769230769 0.6173076923076923 0.011057692307692308 0.011057692307692308
0 0.3403846153846154 0.33942307692307694 0.009134615384615385 0.008653846153846154
0 0.2360576923076923 0.17115384615384616 0.01201923076923077 0.01201923076923077
0 0.3956730769230769 0.2620192307692308 0.010576923076923078 0.011057692307692308
0 0.2528846153846154 0.21298076923076922 0.011057692307692308 0.011538461538461539
0 0.7625 0.09663461538461539 0.021634615384615384 0.021634615384615384
