0 0.05384615384615385 0.5475961538461539 0.014423076923076924 0.014903846153846155
0 0.41971153846153847 0.24086538461538462 0.011057692307692308 0.011538461538461539
0 0.38317307692307695 0.48028846153846155 0.011057692307692308 0.01201923076923077
0 0.5480769230769231 0.4423076923076923 0.011057692307692308 0.011538461538461539
0 0.698076923076923 0.23173076923076924 0.01201923076923077 0.01201923076923077
0 0.2701923076923077 0.2793269230769231 0.011057692307692308 0.011057692307692308
0 0.6182692307692308 0.1831730769230769 0.011057692307692308 0.011538461538461539
0 0.021634615384615384 0.08125 0.013461538461538462 0.013461538461538462
0 0.2745192307692308 0.13509615384615384 0.010576923076923078 0.011057692307692308
0 0.6504807692307693 0.39134615384615384 0.01201923076923077 0.0125
0 0.4625 0.5192307692307693 0.011057692307692308 0.011538461538461539
0 0.20865384615384616 0.1451923076923077 0.009134615384615385 0.009615384615384616
0 0.13846153846153847 0.01875 0.011538461538461539 0.01201923076923077
