0 0.11346153846153846 0.8052884615384616 0.014423076923076924 0.0125
0 0.7831730769230769 0.6629807692307692 0.010576923076923078 0.010576923076923078
0 0.20096153846153847 0.8288461538461539 0.011057692307692308 0.01201923076923077
0 0.2144230769230769 0.85625 0.011057692307692308 0.0125
0 0.49278846153846156 0.525 0.0125 0.011057692307692308
0 0.7802884615384615 0.8057692307692308 0.011057692307692308 0.011538461538461539
0 0.30432692307692305 0.5942307692307692 0.013461538461538462 0.014423076923076924
0 0.5091346153846154 0.8653846153846154 0.0125 0.011538461538461539
0 0.6480769230769231 0.5091346153846154 0.009615384615384616 0.010576923076923078
0 0.12307692307692308 0.5879807692307693 0.010576923076923078 0.0125
0 0.015865384615384615 0.6942307692307692 0.011057692307692308 0.011057692307692308
0 0.5600961538461539 0.8639423076923077 0.014423076923076924 0.013461538461538462
0 0.3384615384615385 0.5591346153846154 0.011538461538461539 0.0125
0 0.4778846153846154 0.3951923076923077 0.010096153846153847 0.010576923076923078
0 0.7269230769230769 0.4716346153846154 0.012980769230769231 0.012980769230769231
0 0.35384615384615387 0.5860576923076923 0.011057692307692308 0.0125
0 0.13173076923076923 0.31682692307692306 0.01201923076923077 0.011057692307692308
0 0.7211538461538461 0.78125 0.012980769230769231 0.0125
0 0.59375 0.8355769230769231 0.008173076923076924 0.013461538461538462
0 0.13173076923076923 0.5302884615384615 0.01201923076923077 0.011538461538461539
0 0.6634615384615384 0.5389423076923077 0.010576923076923078 0.010576923076923078
0 0.18846153846153846 0.28846153846153844 0.010096153846153847 0.010096153846153847
0 0.13653846153846153 0.6966346153846154 0.011538461538461539 0.013461538461538462
0 0.31201923076923077 0.8341346153846154 0.010096153846153847 0.011057692307692308
0 0.4600961538461538 0.8745192307692308 0.011538461538461539 0.01201923076923077
0 0.46057692307692305 0.6908653846153846 0.011538461538461539 0.013461538461538462
0 0.4403846153846154 0.8115384615384615 0.0125 0.011538461538461539
0 0.3014423076923077 0.7947115384615384 0.013461538461538462 0.013942307692307693
0 0.6245192307692308 0.3639423076923077 0.012980769230769231 0.012980769230769231
0 0.1360576923076923 0.16442307692307692 0.01201923076923077 0.012980769230769231
0 0.4168269230769231 0.7524038461538461 0.01201923076923077 0.012980769230769231
0 0.5514423076923077 0.8350961538461539 0.011538461538461539 0.011057692307692308
0 0.06057692307692308 0.6019230769230769 0.011538461538461539 0.013461538461538462
0 0.5158653846153847 0.6495192307692308 0.011538461538461539 0.012980769230769231
0 0.3105769230769231 0.44182692307692306 0.0125 0.011538461538461539
0 0.6072115384615384 0.666826923076923 0.0125 0.011057692307692308
0 0.6076923076923076 0.05432692307692308 0.013942307692307693 0.0125
0 0.6014423076923077 0.8725961538461539 0.013942307692307693 0.0125
0 0.38990384615384616 0.5475961538461539 0.011538461538461539 0.013942307692307693
0 0.14278846153846153 0.8783653846153846 0.011538461538461539 0.013461538461538462
0 0.6923076923076923 0.7932692307692307 0.0125 0.012980769230769231
0 0.01971153846153846 0.2048076923076923 0.013461538461538462 0.012980769230769231
0 0.7855769230769231 0.47451923076923075 0.011538461538461539 0.012980769230769231
