0 0.22788461538461538 0.5879807692307693 0.015865384615384615 0.016346153846153847
0 0.5192307692307693 0.20432692307692307 0.014423076923076924 0.015384615384615385
0 0.23846153846153847 0.011538461538461539 0.015384615384615385 0.016826923076923076
0 0.6163461538461539 0.022596153846153846 0.014903846153846155 0.014903846153846155
0 0.26634615384615384 0.6331730769230769 0.014423076923076924 0.015384615384615385
0 0.1528846153846154 0.08173076923076923 0.013942307692307693 0.014423076923076924
0 0.2971153846153846 0.3995192307692308 0.014903846153846155 0.015384615384615385
0 0.23846153846153847 0.051923076923076926 0.014423076923076924 0.01826923076923077
0 0.33125 0.16490384615384615 0.013461538461538462 0.013461538461538462
0 0.16634615384615384 0.3836538461538462 0.014423076923076924 0.014903846153846155
0 0.3971153846153846 0.0625 0.014423076923076924 0.014903846153846155
0 0.5024038461538461 0.645673076923077 0.015384615384615385 0.015865384615384615
0 0.36923076923076925 0.5706730769230769 0.014903846153846155 0.015865384615384615
0 0.4576923076923077 0.39471153846153845 0.015384615384615385 0.016346153846153847
0 0.7572115384615384 0.48125 0.01730769230769231 0.017788461538461538
0 0.50625 0.33365384615384613 0.013942307692307693 0.015384615384615385
0 0.49230769230769234 0.698076923076923 0.014903846153846155 0.015865384615384615
0 0.6317307692307692 0.6870192307692308 0.015384615384615385 0.016346153846153847
0 0.023076923076923078 0.24615384615384617 0.015865384615384615 0.016346153846153847
0 0.041346153846153845 0.6807692307692308 0.013942307692307693 0.013942307692307693
0 0.5740384615384615 0.32740384615384616 0.014903846153846155 0.016346153846153847
0 0.17740384615384616 0.6259615384615385 0.012980769230769231 0.013942307692307693
0 0.3384615384615385 0.6086538461538461 0.014423076923076924 0.014423076923076924
0 0.5038461538461538 0.021153846153846155 0.013942307692307693 0.013942307692307693
0 0.1576923076923077 0.22163461538461537 0.015384615384615385 0.016346153846153847
0 0.3091346153846154 0.13557692307692307 0.012980769230769231 0.013942307692307693
0 0.4826923076923077 0.03653846153846154 0.014903846153846155 0.015384615384615385
0 0.1576923076923077 0.05 0.014903846153846155 0.015384615384615385
0 0.729326923076923 0.011057692307692308 0.01201923076923077 0.01201923076923077
0 0.07788461538461539 0.6932692307692307 0.012980769230769231 0.013942307692307693
0 0.016346153846153847 0.25576923076923075 0.015384615384615385 0.016346153846153847
0 0.16009615384615383 0.23365384615384616 0.014903846153846155 0.01826923076923077
0 0.19807692307692307 0.03028846153846154 0.020673076923076922 0.020673076923076922
0 0.2514423076923077 0.3125 0.020673076923076922 0.020673076923076922
0 0.6552884615384615 0.3125 0.020192307692307693 0.020673076923076922
