0 0.33557692307692305 0.44759615384615387 0.0125 0.011538461538461539
0 0.7908653846153846 0.14903846153846154 0.011057692307692308 0.0125
0 0.18076923076923077 0.5879807692307693 0.010576923076923078 0.011057692307692308
0 0.49759615384615385 0.6129807692307693 0.011538461538461539 0.011538461538461539
0 0.635576923076923 0.13942307692307693 0.01201923076923077 0.011538461538461539
0 0.40625 0.9052884615384615 0.011538461538461539 0.0125
0 0.645673076923077 0.34278846153846154 0.007211538461538462 0.007692307692307693
0 0.28076923076923077 0.7576923076923077 0.013461538461538462 0.01201923076923077
0 0.42403846153846153 0.5129807692307692 0.009615384615384616 0.011057692307692308
0 0.5985576923076923 0.3557692307692308 0.011057692307692308 0.010096153846153847
0 0.5783653846153847 0.14759615384615385 0.010096153846153847 0.010096153846153847
0 0.07115384615384615 0.41057692307692306 0.011538461538461539 0.0125
0 0.6653846153846154 0.5870192307692308 0.0125 0.010576923076923078
0 0.09663461538461539 0.3605769230769231 0.010576923076923078 0.01201923076923077
0 0.041346153846153845 0.44519230769230766 0.013461538461538462 0.0125
0 0.22932692307692307 0.40048076923076925 0.013942307692307693 0.014423076923076924
0 0.3283653846153846 0.32403846153846155 0.00625 0.006730769230769231
