0 0.5754807692307692 0.28076923076923077 0.014903846153846155 0.015384615384615385
0 0.8355769230769231 0.6552884615384615 0.0125 0.013461538461538462
0 0.6663461538461538 0.5961538461538461 0.014903846153846155 0.015384615384615385
0 0.5711538461538461 0.37403846153846154 0.012980769230769231 0.013461538461538462
0 0.6783653846153846 0.5038461538461538 0.014423076923076924 0.014903846153846155
0 0.36153846153846153 0.19903846153846153 0.013461538461538462 0.013942307692307693
0 0.2283653846153846 0.5038461538461538 0.013942307692307693 0.013942307692307693
0 0.08269230769230769 0.5322115384615385 0.013461538461538462 0.012980769230769231
0 0.21923076923076923 0.5403846153846154 0.012980769230769231 0.013461538461538462
0 0.575 0.10288461538461538 0.013942307692307693 0.014903846153846155
0 0.30432692307692305 0.2980769230769231 0.011538461538461539 0.01201923076923077
0 0.8033653846153846 0.05721153846153846 0.0125 0.013461538461538462
0 0.49278846153846156 0.6004807692307692 0.014423076923076924 0.013942307692307693
0 0.7807692307692308 0.5581730769230769 0.012980769230769231 0.013461538461538462
