0 0.1548076923076923 0.10913461538461539 0.011538461538461539 0.011538461538461539
0 0.5620192307692308 0.5086538461538461 0.014423076923076924 0.012980769230769231
0 0.2971153846153846 0.45576923076923076 0.009615384615384616 0.01201923076923077
0 0.7725961538461539 0.2091346153846154 0.011538461538461539 0.01201923076923077
0 0.7716346153846154 0.8168269230769231 0.01201923076923077 0.011057692307692308
0 0.5875 0.09326923076923077 0.010096153846153847 0.011057692307692308
0 0.7014423076923076 0.3245192307692308 0.010096153846153847 0.010576923076923078
0 0.36538461538461536 0.2865384615384615 0.011057692307692308 0.012980769230769231
0 0.2144230769230769 0.7865384615384615 0.0125 0.01201923076923077
0 0.13942307692307693 0.035096153846153846 0.0125 0.011057692307692308
0 0.55625 0.015384615384615385 0.004807692307692308 0.005288461538461539
0 0.3177884615384615 0.20625 0.004807692307692308 0.00625
0 0.8125 0.46298076923076925 0.0125 0.013461538461538462
0 0.6947115384615384 0.4230769230769231 0.011538461538461539 0.013461538461538462
0 0.023557692307692307 0.10288461538461538 0.011057692307692308 0.0125
0 0.3269230769230769 0.3870192307692308 0.015384615384615385 0.014423076923076924
0 0.45625 0.40721153846153846 0.011057692307692308 0.013942307692307693
0 0.4115384615384615 0.5043269230769231 0.010096153846153847 0.010576923076923078
0 0.5504807692307693 0.24615384615384617 0.011538461538461539 0.011057692307692308
0 0.4033653846153846 0.12067307692307692 0.00625 0.007211538461538462
0 0.11153846153846154 0.7966346153846153 0.007211538461538462 0.007211538461538462
0 0.5259615384615385 0.25769230769230766 0.0057692307692307696 0.0057692307692307696
0 0.7038461538461539 0.44134615384615383 0.0057692307692307696 0.00625
0 0.0038461538461538464 0.14134615384615384 0.0057692307692307696 0.006730769230769231
0 0.3951923076923077 0.11826923076923077 0.012980769230769231 0.013461538461538462
0 0.5495192307692308 0.01826923076923077 0.011538461538461539 0.01201923076923077
0 0.10288461538461538 0.3105769230769231 0.019230769230769232 0.019230769230769232
0 0.09615384615384616 0.29951923076923076 0.019230769230769232 0.019230769230769232
