0 0.03317307692307692 0.19615384615384615 0.01730769230769231 0.01971153846153846
0 0.6514423076923077 0.3264423076923077 0.01730769230769231 0.017788461538461538
0 0.6149038461538462 0.16875 0.016346153846153847 0.016826923076923076
0 0.7274038461538461 0.6644230769230769 0.017788461538461538 0.017788461538461538
0 0.5899038461538462 0.7855769230769231 0.016346153846153847 0.016346153846153847
0 0.33653846153846156 0.2956730769230769 0.017788461538461538 0.01875
0 0.5701923076923077 0.21490384615384617 0.016346153846153847 0.01730769230769231
0 0.05721153846153846 0.40673076923076923 0.015865384615384615 0.01730769230769231
0 0.7519230769230769 0.31346153846153846 0.015865384615384615 0.01826923076923077
0 0.36875 0.07451923076923077 0.016826923076923076 0.01730769230769231
0 0.06875 0.6072115384615384 0.016346153846153847 0.014903846153846155
0 0.6788461538461539 0.5788461538461539 0.016826923076923076 0.01730769230769231
0 0.525 0.23221153846153847 0.016346153846153847 0.01730769230769231
0 0.5326923076923077 0.4908653846153846 0.01730769230769231 0.01826923076923077
0 0.5629807692307692 0.3716346153846154 0.015865384615384615 0.016346153846153847
0 0.17692307692307693 0.24519230769230768 0.016826923076923076 0.01730769230769231
0 0.5485576923076924 0.7461538461538462 0.017788461538461538 0.020192307692307693
0 0.6586538461538461 0.38653846153846155 0.014423076923076924 0.014903846153846155
0 0.15721153846153846 0.07740384615384616 0.015865384615384615 0.015865384615384615
0 0.24134615384615385 0.22692307692307692 0.016346153846153847 0.01730769230769231
0 0.55 0.7110576923076923 0.016826923076923076 0.017788461538461538
0 0.4173076923076923 0.24759615384615385 0.017788461538461538 0.020192307692307693
0 0.36875 0.020673076923076922 0.01730769230769231 0.01730769230769231
0 0.7610576923076923 0.30817307692307694 0.017788461538461538 0.01875
0 0.37451923076923077 0.13317307692307692 0.017788461538461538 0.017788461538461538
0 0.26009615384615387 0.24086538461538462 0.014903846153846155 0.01875
0 0.3817307692307692 0.5788461538461539 0.02403846153846154 0.020673076923076922
