0 0.17259615384615384 0.14182692307692307 0.010576923076923078 0.010576923076923078
0 0.4206730769230769 0.16346153846153846 0.009615384615384616 0.010096153846153847
0 0.7524038461538461 0.20625 0.009134615384615385 0.008653846153846154
0 0.6841346153846154 0.3730769230769231 0.010576923076923078 0.011538461538461539
0 0.2153846153846154 0.10192307692307692 0.010096153846153847 0.010576923076923078
0 0.22884615384615384 0.24951923076923077 0.008653846153846154 0.009134615384615385
0 0.6365384615384615 0.1908653846153846 0.0125 0.012980769230769231
0 0.5826923076923077 0.15048076923076922 0.0125 0.012980769230769231
0 0.6548076923076923 0.4721153846153846 0.01201923076923077 0.012980769230769231
0 0.43028846153846156 0.1625 0.010576923076923078 0.009615384615384616
