0 0.4115384615384615 0.22259615384615383 0.0125 0.0125
0 0.01730769230769231 0.12884615384615383 0.011057692307692308 0.011538461538461539
0 0.046153846153846156 0.7432692307692308 0.0125 0.0125
0 0.6735576923076924 0.47307692307692306 0.0125 0.013461538461538462
0 0.1673076923076923 0.29471153846153847 0.013461538461538462 0.011538461538461539
0 0.18942307692307692 0.3326923076923077 0.01201923076923077 0.013461538461538462
0 0.30625 0.6346153846153846 0.0125 0.014423076923076924
0 0.6177884615384616 0.46105769230769234 0.014423076923076924 0.013461538461538462
0 0.6802884615384616 0.14711538461538462 0.012980769230769231 0.013942307692307693
0 0.2519230769230769 0.12211538461538461 0.013942307692307693 0.014423076923076924
0 0.14711538461538462 0.4076923076923077 0.019230769230769232 0.019230769230769232
