0 0.6447115384615385 0.3389423076923077 0.014903846153846155 0.015384615384615385
0 0.26826923076923076 0.06971153846153846 0.014423076923076924 0.014903846153846155
0 0.4408653846153846 0.6206730769230769 0.014423076923076924 0.015384615384615385
0 0.44567307692307695 0.19230769230769232 0.016826923076923076 0.016346153846153847
0 0.8048076923076923 0.34326923076923077 0.014903846153846155 0.015384615384615385
0 0.3485576923076923 0.3817307692307692 0.014423076923076924 0.015384615384615385
0 0.5240384615384616 0.46153846153846156 0.014423076923076924 0.015384615384615385
0 0.30528846153846156 0.26634615384615384 0.014903846153846155 0.015384615384615385
0 0.7177884615384615 0.29375 0.015384615384615385 0.015865384615384615
0 0.7841346153846154 0.44711538461538464 0.013942307692307693 0.014423076923076924
0 0.7807692307692308 0.011057692307692308 0.013942307692307693 0.014903846153846155
0 0.75 0.1831730769230769 0.013461538461538462 0.014423076923076924
0 0.21826923076923077 0.14711538461538462 0.013942307692307693 0.013942307692307693
0 0.8014423076923077 0.30625 0.015865384615384615 0.016826923076923076
0 0.03990384615384615 0.7033653846153847 0.015384615384615385 0.015384615384615385
0 0.17115384615384616 0.2586538461538462 0.014423076923076924 0.014903846153846155
0 0.6850961538461539 0.36538461538461536 0.013942307692307693 0.014903846153846155
0 0.26778846153846153 0.2764423076923077 0.014423076923076924 0.017788461538461538
0 0.46971153846153846 0.055288461538461536 0.0125 0.013461538461538462
0 0.10625 0.09134615384615384 0.013942307692307693 0.014423076923076924
0 0.12211538461538461 0.3033653846153846 0.013461538461538462 0.014423076923076924
0 0.18557692307692308 0.7923076923076923 0.013942307692307693 0.014903846153846155
0 0.01730769230769231 0.5480769230769231 0.013942307692307693 0.014423076923076924
0 0.36346153846153845 0.47596153846153844 0.01826923076923077 0.016826923076923076
0 0.12788461538461537 0.3860576923076923 0.013942307692307693 0.014423076923076924
0 0.6831730769230769 0.6567307692307692 0.0125 0.013461538461538462
0 0.18076923076923077 0.6850961538461539 0.014423076923076924 0.015384615384615385
0 0.2 0.6870192307692308 0.013942307692307693 0.014903846153846155
0 0.1778846153846154 0.4043269230769231 0.013461538461538462 0.013942307692307693
0 0.1519230769230769 0.7586538461538461 0.013461538461538462 0.015384615384615385
0 0.4149038461538462 0.36538461538461536 0.017788461538461538 0.016826923076923076
0 0.3105769230769231 0.676923076923077 0.021153846153846155 0.020673076923076922
