0 0.7230769230769231 0.6288461538461538 0.012980769230769231 0.01201923076923077
0 0.7826923076923077 0.23173076923076924 0.012980769230769231 0.013461538461538462
0 0.2625 0.4283653846153846 0.01201923076923077 0.012980769230769231
0 0.551923076923077 0.4009615384615385 0.0125 0.0125
0 0.6966346153846154 0.8581730769230769 0.007692307692307693 0.011538461538461539
0 0.7230769230769231 0.2951923076923077 0.009615384615384616 0.009134615384615385
0 0.5971153846153846 0.6283653846153846 0.012980769230769231 0.012980769230769231
0 0.3836538461538462 0.5394230769230769 0.011538461538461539 0.011057692307692308
0 0.5875 0.43798076923076923 0.014423076923076924 0.013942307692307693
0 0.1264423076923077 0.7644230769230769 0.014903846153846155 0.014423076923076924
0 0.32019230769230766 0.541826923076923 0.01201923076923077 0.01201923076923077
0 0.34759615384615383 0.46442307692307694 0.009134615384615385 0.011538461538461539
0 0.17115384615384616 0.48846153846153845 0.0125 0.0125
0 0.7269230769230769 0.32884615384615384 0.01971153846153846 0.01971153846153846
