0 0.4889423076923077 0.2519230769230769 0.015384615384615385 0.015384615384615385
0 0.055288461538461536 0.5158653846153847 0.013942307692307693 0.013942307692307693
0 0.4658653846153846 0.01971153846153846 0.014423076923076924 0.015384615384615385
0 0.3456730769230769 0.020673076923076922 0.014423076923076924 0.014903846153846155
0 0.07596153846153846 0.1951923076923077 0.014903846153846155 0.015384615384615385
0 0.49278846153846156 0.5322115384615385 0.013942307692307693 0.014423076923076924
0 0.36538461538461536 0.12740384615384615 0.014903846153846155 0.015384615384615385
0 0.24759615384615385 0.5745192307692307 0.013461538461538462 0.013942307692307693
0 0.1889423076923077 0.44182692307692306 0.015865384615384615 0.015865384615384615
0 0.8100961538461539 0.2923076923076923 0.014423076923076924 0.014423076923076924
0 0.7384615384615385 0.34375 0.013461538461538462 0.013461538461538462
0 0.5591346153846154 0.7399038461538462 0.016346153846153847 0.016346153846153847
0 0.28173076923076923 0.7745192307692308 0.016826923076923076 0.016826923076923076
0 0.13221153846153846 0.5514423076923077 0.013461538461538462 0.013942307692307693
0 0.7788461538461539 0.3177884615384615 0.013461538461538462 0.014423076923076924
0 0.05576923076923077 0.4740384615384615 0.011057692307692308 0.010096153846153847
0 0.31009615384615385 0.32259615384615387 0.013942307692307693 0.013942307692307693
0 0.38509615384615387 0.05096153846153846 0.012980769230769231 0.013461538461538462
0 0.4971153846153846 0.7966346153846153 0.015384615384615385 0.015865384615384615
0 0.6389423076923076 0.6264423076923077 0.015865384615384615 0.015384615384615385
0 0.45913461538461536 0.2153846153846154 0.013461538461538462 0.013942307692307693
0 0.7057692307692308 0.5432692307692307 0.013461538461538462 0.013461538461538462
0 0.7480769230769231 0.20673076923076922 0.013461538461538462 0.013942307692307693
0 0.59375 0.38125 0.013461538461538462 0.013942307692307693
0 0.8336538461538462 0.3110576923076923 0.016346153846153847 0.016346153846153847
0 0.4389423076923077 0.7100961538461539 0.014423076923076924 0.014423076923076924
0 0.14326923076923076 0.2903846153846154 0.01201923076923077 0.01201923076923077
0 0.46057692307692305 0.6971153846153846 0.014903846153846155 0.014903846153846155
0 0.30096153846153845 0.5240384615384616 0.01201923076923077 0.011538461538461539
0 0.7302884615384615 0.5355769230769231 0.014903846153846155 0.015384615384615385
0 0.6096153846153847 0.3298076923076923 0.014903846153846155 0.014903846153846155
0 0.33990384615384617 0.48125 0.0125 0.012980769230769231
0 0.15384615384615385 0.05 0.012980769230769231 0.013942307692307693
0 0.43173076923076925 0.5706730769230769 0.012980769230769231 0.012980769230769231
0 0.03028846153846154 0.5548076923076923 0.016826923076923076 0.016826923076923076
0 0.33413461538461536 0.48846153846153845 0.0125 0.0125
