0 0.7153846153846154 0.6298076923076923 0.01730769230769231 0.017788461538461538
0 0.7456730769230769 0.83125 0.017788461538461538 0.01826923076923077
0 0.4625 0.6394230769230769 0.016826923076923076 0.015384615384615385
0 0.5153846153846153 0.7177884615384615 0.017788461538461538 0.01730769230769231
0 0.23125 0.5658653846153846 0.016346153846153847 0.017788461538461538
0 0.13509615384615384 0.7552884615384615 0.016346153846153847 0.01826923076923077
0 0.057692307692307696 0.7163461538461539 0.01875 0.01730769230769231
0 0.614423076923077 0.041826923076923074 0.015865384615384615 0.015384615384615385
0 0.13557692307692307 0.06442307692307692 0.015384615384615385 0.015865384615384615
0 0.4 0.6216346153846154 0.016346153846153847 0.017788461538461538
0 0.17884615384615385 0.7913461538461538 0.015865384615384615 0.016826923076923076
0 0.22740384615384615 0.7149038461538462 0.01730769230769231 0.01730769230769231
0 0.3908653846153846 0.7153846153846154 0.015865384615384615 0.01730769230769231
0 0.5745192307692307 0.5759615384615384 0.01730769230769231 0.017788461538461538
0 0.5788461538461539 0.01730769230769231 0.016346153846153847 0.014903846153846155
0 0.7216346153846154 0.5629807692307692 0.017788461538461538 0.01971153846153846
0 0.2423076923076923 0.8735576923076923 0.015865384615384615 0.016826923076923076
0 0.6 0.6394230769230769 0.01730769230769231 0.016826923076923076
0 0.7125 0.6759615384615385 0.015865384615384615 0.015384615384615385
0 0.6019230769230769 0.8177884615384615 0.016826923076923076 0.017788461538461538
0 0.028846153846153848 0.6230769230769231 0.017788461538461538 0.01826923076923077
0 0.4264423076923077 0.791826923076923 0.015384615384615385 0.014903846153846155
0 0.7480769230769231 0.7769230769230769 0.015865384615384615 0.016826923076923076
0 0.6264423076923077 0.0985576923076923 0.017788461538461538 0.016826923076923076
0 0.5673076923076923 0.4913461538461538 0.014903846153846155 0.015384615384615385
0 0.3019230769230769 0.25625 0.01730769230769231 0.01971153846153846
0 0.12307692307692308 0.5 0.016826923076923076 0.017788461538461538
0 0.4841346153846154 0.8721153846153846 0.016346153846153847 0.016826923076923076
0 0.3663461538461538 0.6605769230769231 0.01826923076923077 0.017788461538461538
0 0.2706730769230769 0.43990384615384615 0.015384615384615385 0.017788461538461538
0 0.3610576923076923 0.6302884615384615 0.014903846153846155 0.015384615384615385
0 0.43365384615384617 0.7860576923076923 0.016346153846153847 0.015384615384615385
0 0.43701923076923077 0.6923076923076923 0.01826923076923077 0.01826923076923077
0 0.4322115384615385 0.7235576923076923 0.017788461538461538 0.016826923076923076
0 0.46442307692307694 0.5355769230769231 0.014903846153846155 0.01826923076923077
0 0.4668269230769231 0.7658653846153847 0.015865384615384615 0.016826923076923076
0 0.2865384615384615 0.7860576923076923 0.01730769230769231 0.01875
0 0.6254807692307692 0.5894230769230769 0.016346153846153847 0.013942307692307693
0 0.4341346153846154 0.3466346153846154 0.01730769230769231 0.01826923076923077
0 0.2899038461538462 0.6129807692307693 0.016346153846153847 0.01730769230769231
0 0.3889423076923077 0.7822115384615385 0.014423076923076924 0.016346153846153847
0 0.4841346153846154 0.51875 0.015865384615384615 0.01730769230769231
0 0.5379807692307692 0.6158653846153846 0.016346153846153847 0.016826923076923076
0 0.3639423076923077 0.6413461538461539 0.01730769230769231 0.01730769230769231
0 0.4110576923076923 0.7908653846153846 0.01826923076923077 0.017788461538461538
0 0.42740384615384613 0.6875 0.013942307692307693 0.013942307692307693
0 0.5764423076923076 0.5870192307692308 0.015384615384615385 0.01826923076923077
0 0.33125 0.7043269230769231 0.020192307692307693 0.020192307692307693
0 0.44134615384615383 0.698076923076923 0.020192307692307693 0.020192307692307693
0 0.7240384615384615 0.7427884615384616 0.020192307692307693 0.020192307692307693
0 0.7514423076923077 0.80625 0.020192307692307693 0.020192307692307693
