0 0.20625 0.20384615384615384 0.016346153846153847 0.016346153846153847
0 0.19759615384615384 0.12548076923076923 0.013942307692307693 0.013942307692307693
0 0.5240384615384616 0.3125 0.013942307692307693 0.014423076923076924
0 0.19375 0.05721153846153846 0.013942307692307693 0.013942307692307693
0 0.3177884615384615 0.19326923076923078 0.013461538461538462 0.013942307692307693
0 0.7596153846153846 0.032692307692307694 0.015865384615384615 0.016346153846153847
0 0.7197115384615385 0.3091346153846154 0.013942307692307693 0.014903846153846155
0 0.7826923076923077 0.3096153846153846 0.013942307692307693 0.013942307692307693
0 0.4288461538461538 0.2865384615384615 0.014903846153846155 0.015865384615384615
0 0.3096153846153846 0.7 0.013461538461538462 0.013942307692307693
0 0.6177884615384616 0.33605769230769234 0.014903846153846155 0.015865384615384615
0 0.4668269230769231 0.40048076923076925 0.014903846153846155 0.014423076923076924
0 0.5096153846153846 0.6783653846153846 0.013942307692307693 0.014423076923076924
0 0.6004807692307692 0.8240384615384615 0.013942307692307693 0.013942307692307693
0 0.011057692307692308 0.06923076923076923 0.014423076923076924 0.014903846153846155
0 0.8461538461538461 0.24711538461538463 0.013942307692307693 0.014903846153846155
0 0.24134615384615385 0.05384615384615385 0.014903846153846155 0.015384615384615385
0 0.4 0.075 0.016346153846153847 0.01730769230769231
0 0.06201923076923077 0.03076923076923077 0.015384615384615385 0.015865384615384615
0 0.45048076923076924 0.33798076923076925 0.014423076923076924 0.014423076923076924
0 0.4495192307692308 0.1764423076923077 0.014903846153846155 0.015865384615384615
0 0.5197115384615385 0.7682692307692308 0.014423076923076924 0.014903846153846155
0 0.4600961538461538 0.06586538461538462 0.015384615384615385 0.015865384615384615
0 0.7817307692307692 0.18557692307692308 0.013942307692307693 0.014423076923076924
0 0.35384615384615387 0.31490384615384615 0.014903846153846155 0.015384615384615385
0 0.22740384615384615 0.6629807692307692 0.013942307692307693 0.014423076923076924
0 0.8649038461538462 0.7216346153846154 0.013942307692307693 0.013461538461538462
0 0.09326923076923077 0.2879807692307692 0.01730769230769231 0.01730769230769231
0 0.801923076923077 0.7807692307692308 0.016346153846153847 0.015865384615384615
0 0.05 0.6807692307692308 0.014423076923076924 0.015384615384615385
0 0.5783653846153847 0.0798076923076923 0.014423076923076924 0.014903846153846155
0 0.2514423076923077 0.6658653846153846 0.012980769230769231 0.013942307692307693
0 0.06490384615384616 0.016826923076923076 0.013942307692307693 0.013942307692307693
0 0.3423076923076923 0.38846153846153847 0.015865384615384615 0.015865384615384615
0 0.7923076923076923 0.1889423076923077 0.013942307692307693 0.013942307692307693
0 0.81875 0.08173076923076923 0.012980769230769231 0.013461538461538462
0 0.5033653846153846 0.010576923076923078 0.014903846153846155 0.015384615384615385
0 0.3331730769230769 0.6009615384615384 0.021634615384615384 0.021634615384615384
