0 0.5600961538461539 0.6961538461538461 0.011057692307692308 0.012980769230769231
0 0.6985576923076923 0.4076923076923077 0.013461538461538462 0.012980769230769231
0 0.6283653846153846 0.37067307692307694 0.014423076923076924 0.014423076923076924
0 0.645673076923077 0.3903846153846154 0.005288461538461539 0.004807692307692308
0 0.4826923076923077 0.35336538461538464 0.010096153846153847 0.011538461538461539
0 0.3625 0.31826923076923075 0.013942307692307693 0.013461538461538462
0 0.27740384615384617 0.28028846153846154 0.006730769230769231 0.00625
0 0.44711538461538464 0.14951923076923077 0.00625 0.006730769230769231
0 0.23076923076923078 0.05144230769230769 0.010576923076923078 0.010576923076923078
0 0.3764423076923077 0.5860576923076923 0.010576923076923078 0.010576923076923078
0 0.5134615384615384 0.6822115384615385 0.014423076923076924 0.013942307692307693
0 0.5225961538461539 0.31298076923076923 0.011057692307692308 0.011538461538461539
0 0.35673076923076924 0.7278846153846154 0.005288461538461539 0.0038461538461538464
0 0.16153846153846155 0.08076923076923077 0.0057692307692307696 0.0057692307692307696
0 0.2759615384615385 0.5894230769230769 0.005288461538461539 0.0057692307692307696
0 0.03798076923076923 0.16105769230769232 0.010576923076923078 0.012980769230769231
0 0.38461538461538464 0.4129807692307692 0.01201923076923077 0.011057692307692308
0 0.4028846153846154 0.41923076923076924 0.00625 0.0028846153846153848
0 0.10432692307692308 0.15336538461538463 0.01201923076923077 0.013461538461538462
