0 0.20240384615384616 0.5711538461538461 0.014903846153846155 0.014423076923076924
0 0.21923076923076923 0.34375 0.012980769230769231 0.013461538461538462
0 0.36201923076923076 0.63125 0.013461538461538462 0.014423076923076924
0 0.5581730769230769 0.5153846153846153 0.011538461538461539 0.0125
0 0.3057692307692308 0.3072115384615385 0.013461538461538462 0.012980769230769231
0 0.5817307692307693 0.5889423076923077 0.01201923076923077 0.0125
0 0.65625 0.40528846153846154 0.012980769230769231 0.012980769230769231
0 0.03413461538461538 0.5331730769230769 0.012980769230769231 0.013942307692307693
0 0.4533653846153846 0.7264423076923077 0.014423076923076924 0.014423076923076924
0 0.20961538461538462 0.2605769230769231 0.01201923076923077 0.01201923076923077
