0 0.19615384615384615 0.7163461538461539 0.015384615384615385 0.015865384615384615
0 0.1985576923076923 0.24615384615384617 0.014903846153846155 0.015384615384615385
0 0.425 0.6471153846153846 0.015384615384615385 0.016346153846153847
0 0.3033653846153846 0.5793269230769231 0.013942307692307693 0.014903846153846155
0 0.19375 0.5495192307692308 0.013461538461538462 0.014423076923076924
0 0.18461538461538463 0.3485576923076923 0.012980769230769231 0.013461538461538462
0 0.33557692307692305 0.6048076923076923 0.0125 0.012980769230769231
0 0.15336538461538463 0.26009615384615387 0.013461538461538462 0.014903846153846155
0 0.5778846153846153 0.06538461538461539 0.014423076923076924 0.014903846153846155
0 0.39615384615384613 0.09711538461538462 0.014423076923076924 0.014903846153846155
0 0.15144230769230768 0.5625 0.016826923076923076 0.015865384615384615
0 0.13028846153846155 0.49951923076923077 0.021153846153846155 0.020673076923076922
