0 0.1658653846153846 0.3951923076923077 0.01201923076923077 0.011538461538461539
0 0.5759615384615384 0.4971153846153846 0.011057692307692308 0.0125
0 0.5966346153846154 0.8975961538461539 0.010096153846153847 0.010096153846153847
0 0.6711538461538461 0.10144230769230769 0.0057692307692307696 0.0057692307692307696
0 0.2548076923076923 0.30817307692307694 0.008653846153846154 0.010576923076923078
0 0.020192307692307693 0.6216346153846154 0.012980769230769231 0.013461538461538462
0 0.5019230769230769 0.25721153846153844 0.011538461538461539 0.010576923076923078
0 0.19663461538461538 0.44759615384615387 0.009615384615384616 0.011538461538461539
0 0.4264423076923077 0.7019230769230769 0.0057692307692307696 0.0057692307692307696
0 0.4322115384615385 0.7004807692307692 0.004326923076923077 0.004807692307692308
0 0.05913461538461538 0.8447115384615385 0.011057692307692308 0.012980769230769231
0 0.004807692307692308 0.4774038461538462 0.008653846153846154 0.009615384615384616
0 0.6649038461538461 0.10528846153846154 0.005288461538461539 0.00625
0 0.3716346153846154 0.7259615384615384 0.012980769230769231 0.013942307692307693
0 0.38990384615384616 0.7091346153846154 0.01201923076923077 0.012980769230769231
