0 0.7423076923076923 0.8725961538461539 0.011057692307692308 0.012980769230769231
0 0.44326923076923075 0.6072115384615384 0.011538461538461539 0.012980769230769231
0 0.17451923076923076 0.7235576923076923 0.011057692307692308 0.011057692307692308
0 0.23076923076923078 0.6350961538461538 0.00625 0.00625
0 0.6730769230769231 0.7375 0.006730769230769231 0.006730769230769231
0 0.1918269230769231 0.32211538461538464 0.0057692307692307696 0.0057692307692307696
0 0.08317307692307692 0.6557692307692308 0.010096153846153847 0.011057692307692308
0 0.03701923076923077 0.6288461538461538 0.010576923076923078 0.01201923076923077
0 0.3735576923076923 0.7043269230769231 0.010576923076923078 0.011538461538461539
0 0.23798076923076922 0.7581730769230769 0.0057692307692307696 0.005288461538461539
0 0.1076923076923077 0.8432692307692308 0.00625 0.006730769230769231
0 0.40576923076923077 0.6673076923076923 0.01201923076923077 0.01201923076923077
0 0.6884615384615385 0.6990384615384615 0.006730769230769231 0.007692307692307693
0 0.3548076923076923 0.6802884615384616 0.014423076923076924 0.013461538461538462
