0 0.6677884615384615 0.021153846153846155 0.022115384615384617 0.021634615384615384
0 0.5139423076923076 0.05576923076923077 0.022115384615384617 0.022115384615384617
0 0.1951923076923077 0.10817307692307693 0.022115384615384617 0.021634615384615384
0 0.19903846153846153 0.20096153846153847 0.022115384615384617 0.022115384615384617
0 0.2783653846153846 0.10913461538461539 0.022115384615384617 0.022115384615384617
0 0.37259615384615385 0.12163461538461538 0.022115384615384617 0.022115384615384617
0 0.39375 0.16009615384615383 0.022115384615384617 0.022115384615384617
0 0.3293269230769231 0.1875 0.022115384615384617 0.021634615384615384
0 0.4966346153846154 0.09134615384615384 0.022115384615384617 0.022115384615384617
0 0.5389423076923077 0.18221153846153845 0.022115384615384617 0.022115384615384617
0 0.49038461538461536 0.2173076923076923 0.022115384615384617 0.021634615384615384
0 0.6442307692307693 0.11778846153846154 0.022115384615384617 0.022115384615384617
0 0.6846153846153846 0.11682692307692308 0.021634615384615384 0.021634615384615384
0 0.6879807692307692 0.09567307692307692 0.022115384615384617 0.021634615384615384
0 0.6519230769230769 0.19807692307692307 0.022115384615384617 0.022115384615384617
0 0.7192307692307692 0.21971153846153846 0.021634615384615384 0.021634615384615384
0 0.75 0.125 0.022115384615384617 0.022115384615384617
0 0.7798076923076923 0.19375 0.022115384615384617 0.021634615384615384
0 0.8067307692307693 0.22692307692307692 0.022115384615384617 0.022115384615384617
0 0.3158653846153846 0.2620192307692308 0.022115384615384617 0.021634615384615384
0 0.29951923076923076 0.28509615384615383 0.022115384615384617 0.022115384615384617
0 0.28846153846153844 0.29375 0.022115384615384617 0.022115384615384617
0 0.3072115384615385 0.33221153846153845 0.022115384615384617 0.022115384615384617
0 0.3817307692307692 0.3605769230769231 0.021634615384615384 0.022115384615384617
0 0.4346153846153846 0.34471153846153846 0.022115384615384617 0.022115384615384617
0 0.45721153846153845 0.34326923076923077 0.022115384615384617 0.022115384615384617
0 0.44711538461538464 0.3384615384615385 0.022115384615384617 0.022115384615384617
0 0.45 0.27692307692307694 0.021634615384615384 0.021634615384615384
0 0.4980769230769231 0.26634615384615384 0.022115384615384617 0.022115384615384617
0 0.6072115384615384 0.23653846153846153 0.022115384615384617 0.022115384615384617
0 0.5639423076923077 0.24423076923076922 0.022115384615384617 0.022115384615384617
0 0.5653846153846154 0.2706730769230769 0.021634615384615384 0.021634615384615384
0 0.5701923076923077 0.32403846153846155 0.022115384615384617 0.021634615384615384
0 0.6802884615384616 0.37451923076923077 0.022115384615384617 0.022115384615384617
0 0.6211538461538462 0.28509615384615383 0.021634615384615384 0.022115384615384617
0 0.6442307692307693 0.28509615384615383 0.022115384615384617 0.022115384615384617
0 0.6480769230769231 0.2725961538461538 0.022115384615384617 0.022115384615384617
0 0.7447115384615385 0.23221153846153847 0.022115384615384617 0.021634615384615384
0 0.7509615384615385 0.37451923076923077 0.022115384615384617 0.022115384615384617
0 0.7341346153846153 0.32211538461538464 0.021634615384615384 0.022115384615384617
0 0.7884615384615384 0.29134615384615387 0.022115384615384617 0.022115384615384617
0 0.27355769230769234 0.5307692307692308 0.022115384615384617 0.022115384615384617
0 0.3605769230769231 0.4826923076923077 0.022115384615384617 0.021634615384615384
0 0.43509615384615385 0.47884615384615387 0.021634615384615384 0.022115384615384617
0 0.5225961538461539 0.46634615384615385 0.022115384615384617 0.022115384615384617
0 0.5230769230769231 0.5653846153846154 0.022115384615384617 0.022115384615384617
0 0.6110576923076924 0.4514423076923077 0.022115384615384617 0.022115384615384617
0 0.6572115384615385 0.45 0.021634615384615384 0.022115384615384617
0 0.6721153846153847 0.4576923076923077 0.021634615384615384 0.022115384615384617
0 0.6942307692307692 0.4625 0.022115384615384617 0.022115384615384617
0 0.6879807692307692 0.5225961538461539 0.022115384615384617 0.021634615384615384
0 0.8096153846153846 0.5980769230769231 0.022115384615384617 0.021634615384615384
0 0.63125 0.6211538461538462 0.021634615384615384 0.022115384615384617
0 0.4548076923076923 0.6360576923076923 0.022115384615384617 0.022115384615384617
0 0.44471153846153844 0.6711538461538461 0.022115384615384617 0.022115384615384617
0 0.2875 0.6375 0.021634615384615384 0.022115384615384617
0 0.1778846153846154 0.5769230769230769 0.022115384615384617 0.022115384615384617
