0 0.5600961538461539 0.80625 0.013461538461538462 0.013942307692307693
0 0.16490384615384615 0.6730769230769231 0.01201923076923077 0.0125
0 0.42596153846153845 0.7423076923076923 0.0125 0.01201923076923077
0 0.4846153846153846 0.6528846153846154 0.014423076923076924 0.015384615384615385
0 0.3836538461538462 0.15673076923076923 0.008653846153846154 0.009134615384615385
0 0.5144230769230769 0.7600961538461538 0.01201923076923077 0.0125
0 0.3697115384615385 0.020192307692307693 0.013942307692307693 0.013942307692307693
0 0.5668269230769231 0.41971153846153847 0.0125 0.012980769230769231
0 0.1639423076923077 0.17259615384615384 0.013461538461538462 0.013942307692307693
0 0.27740384615384617 0.28028846153846154 0.013942307692307693 0.013942307692307693
0 0.4668269230769231 0.8091346153846154 0.011057692307692308 0.011538461538461539
0 0.3658653846153846 0.3591346153846154 0.01201923076923077 0.0125
0 0.23846153846153847 0.22596153846153846 0.010576923076923078 0.011057692307692308
0 0.3639423076923077 0.7884615384615384 0.012980769230769231 0.012980769230769231
0 0.6932692307692307 0.08461538461538462 0.012980769230769231 0.013942307692307693
0 0.28942307692307695 0.48846153846153845 0.010096153846153847 0.010576923076923078
0 0.5009615384615385 0.17548076923076922 0.011538461538461539 0.01201923076923077
0 0.4894230769230769 0.6293269230769231 0.0125 0.0125
0 0.25721153846153844 0.23076923076923078 0.010576923076923078 0.011538461538461539
0 0.02548076923076923 0.5971153846153846 0.01201923076923077 0.01201923076923077
0 0.07163461538461538 0.11634615384615385 0.011057692307692308 0.01201923076923077
0 0.10913461538461539 0.61875 0.012980769230769231 0.013461538461538462
0 0.3543269230769231 0.5634615384615385 0.014423076923076924 0.014903846153846155
0 0.07836538461538461 0.19423076923076923 0.011057692307692308 0.011538461538461539
0 0.2745192307692308 0.06586538461538462 0.012980769230769231 0.013461538461538462
0 0.46442307692307694 0.32403846153846155 0.013461538461538462 0.013942307692307693
0 0.3903846153846154 0.8403846153846154 0.013461538461538462 0.013461538461538462
0 0.4831730769230769 0.43365384615384617 0.0125 0.0125
0 0.4519230769230769 0.5379807692307692 0.01201923076923077 0.012980769230769231
0 0.3576923076923077 0.3091346153846154 0.01201923076923077 0.0125
0 0.4048076923076923 0.46826923076923077 0.012980769230769231 0.012980769230769231
0 0.10096153846153846 0.3841346153846154 0.01201923076923077 0.012980769230769231
0 0.45913461538461536 0.44903846153846155 0.011538461538461539 0.01201923076923077
0 0.3697115384615385 0.5663461538461538 0.012980769230769231 0.013461538461538462
0 0.5326923076923077 0.6274038461538461 0.0125 0.0125
0 0.4375 0.7807692307692308 0.0125 0.012980769230769231
0 0.21057692307692308 0.1110576923076923 0.011057692307692308 0.011538461538461539
0 0.33557692307692305 0.30288461538461536 0.0125 0.01201923076923077
0 0.3418269230769231 0.8418269230769231 0.011057692307692308 0.011538461538461539
0 0.48125 0.6899038461538461 0.011057692307692308 0.011538461538461539
0 0.4673076923076923 0.3490384615384615 0.012980769230769231 0.013942307692307693
0 0.08798076923076924 0.7932692307692307 0.011057692307692308 0.011538461538461539
0 0.6745192307692308 0.08605769230769231 0.012980769230769231 0.013942307692307693
0 0.4461538461538462 0.27740384615384617 0.012980769230769231 0.012980769230769231
0 0.5475961538461539 0.7206730769230769 0.012980769230769231 0.012980769230769231
0 0.42451923076923076 0.1764423076923077 0.013461538461538462 0.013461538461538462
0 0.44903846153846155 0.39375 0.010096153846153847 0.010576923076923078
0 0.520673076923077 0.7206730769230769 0.01201923076923077 0.012980769230769231
0 0.08798076923076924 0.7841346153846154 0.01201923076923077 0.01201923076923077
0 0.6048076923076923 0.5009615384615385 0.0125 0.0125
0 0.6817307692307693 0.45721153846153845 0.011538461538461539 0.0125
0 0.4423076923076923 0.8514423076923077 0.011538461538461539 0.01201923076923077
0 0.6033653846153846 0.2283653846153846 0.015384615384615385 0.015384615384615385
0 0.45913461538461536 0.1110576923076923 0.01201923076923077 0.01201923076923077
0 0.6197115384615385 0.35528846153846155 0.012980769230769231 0.013942307692307693
0 0.37259615384615385 0.7274038461538461 0.010096153846153847 0.010096153846153847
0 0.46971153846153846 0.3139423076923077 0.012980769230769231 0.014423076923076924
0 0.036057692307692304 0.2552884615384615 0.021153846153846155 0.020673076923076922
