0 0.3817307692307692 0.635576923076923 0.012980769230769231 0.01201923076923077
0 0.2519230769230769 0.4740384615384615 0.013942307692307693 0.012980769230769231
0 0.3264423076923077 0.12259615384615384 0.012980769230769231 0.0125
0 0.6480769230769231 0.06346153846153846 0.010576923076923078 0.01201923076923077
0 0.08269230769230769 0.4288461538461538 0.008653846153846154 0.008653846153846154
0 0.2610576923076923 0.64375 0.01201923076923077 0.012980769230769231
0 0.425 0.1764423076923077 0.01201923076923077 0.011057692307692308
0 0.4326923076923077 0.17115384615384616 0.011057692307692308 0.012980769230769231
0 0.3105769230769231 0.04375 0.0125 0.013461538461538462
0 0.6418269230769231 0.4485576923076923 0.01201923076923077 0.01201923076923077
0 0.11682692307692308 0.5620192307692308 0.01201923076923077 0.0125
0 0.7086538461538462 0.6038461538461538 0.0125 0.012980769230769231
0 0.7033653846153847 0.6528846153846154 0.014903846153846155 0.014423076923076924
0 0.44375 0.10625 0.009134615384615385 0.007211538461538462
0 0.16346153846153846 0.24903846153846154 0.019230769230769232 0.01971153846153846
