0 0.34615384615384615 0.29951923076923076 0.015865384615384615 0.016346153846153847
0 0.7956730769230769 0.5163461538461539 0.01875 0.01826923076923077
0 0.9028846153846154 0.7322115384615384 0.015865384615384615 0.014903846153846155
0 0.8394230769230769 0.34134615384615385 0.016346153846153847 0.01730769230769231
0 0.47596153846153844 0.6567307692307692 0.01730769230769231 0.016826923076923076
0 0.0375 0.3697115384615385 0.017788461538461538 0.017788461538461538
0 0.6865384615384615 0.1625 0.015384615384615385 0.014903846153846155
0 0.44471153846153844 0.6245192307692308 0.015865384615384615 0.016346153846153847
0 0.8966346153846154 0.7408653846153846 0.017788461538461538 0.020673076923076922
0 0.14038461538461539 0.4326923076923077 0.016346153846153847 0.016346153846153847
0 0.11057692307692307 0.6663461538461538 0.017788461538461538 0.017788461538461538
0 0.9245192307692308 0.4807692307692308 0.016826923076923076 0.01826923076923077
0 0.10528846153846154 0.6759615384615385 0.016346153846153847 0.016826923076923076
0 0.5221153846153846 0.0798076923076923 0.017788461538461538 0.017788461538461538
