0 0.05480769230769231 0.057692307692307696 0.0125 0.0125
0 0.5302884615384615 0.05096153846153846 0.013461538461538462 0.012980769230769231
0 0.41201923076923075 0.3038461538461538 0.01201923076923077 0.0125
0 0.5399038461538461 0.33557692307692305 0.007692307692307693 0.013942307692307693
0 0.2110576923076923 0.16875 0.011538461538461539 0.011538461538461539
0 0.43653846153846154 0.4389423076923077 0.013942307692307693 0.014423076923076924
0 0.175 0.2639423076923077 0.011538461538461539 0.011538461538461539
0 0.44375 0.23990384615384616 0.013461538461538462 0.014423076923076924
0 0.425 0.1860576923076923 0.011057692307692308 0.011057692307692308
0 0.21971153846153846 0.46442307692307694 0.011538461538461539 0.0125
0 0.4826923076923077 0.07211538461538461 0.010576923076923078 0.011057692307692308
0 0.43846153846153846 0.11490384615384615 0.0125 0.013461538461538462
0 0.23846153846153847 0.3918269230769231 0.011538461538461539 0.011538461538461539
0 0.4831730769230769 0.3019230769230769 0.01201923076923077 0.01201923076923077
0 0.4841346153846154 0.19615384615384615 0.011538461538461539 0.0125
0 0.45 0.3451923076923077 0.014903846153846155 0.014423076923076924
0 0.2899038461538462 0.23365384615384616 0.01201923076923077 0.013461538461538462
0 0.22355769230769232 0.22692307692307692 0.011538461538461539 0.01201923076923077
0 0.5293269230769231 0.10048076923076923 0.012980769230769231 0.013461538461538462
0 0.37740384615384615 0.10384615384615385 0.010576923076923078 0.011057692307692308
0 0.2879807692307692 0.2591346153846154 0.01201923076923077 0.012980769230769231
0 0.45913461538461536 0.2826923076923077 0.0125 0.012980769230769231
0 0.5216346153846154 0.023557692307692307 0.011538461538461539 0.012980769230769231
0 0.51875 0.3264423076923077 0.0125 0.0125
0 0.53125 0.16105769230769232 0.01201923076923077 0.012980769230769231
0 0.16009615384615383 0.16490384615384615 0.01201923076923077 0.0125
0 0.46298076923076925 0.051923076923076926 0.015865384615384615 0.015384615384615385
0 0.4966346153846154 0.16442307692307692 0.0125 0.012980769230769231
0 0.5375 0.07067307692307692 0.010576923076923078 0.010576923076923078
0 0.28846153846153844 0.21153846153846154 0.011057692307692308 0.011538461538461539
0 0.23798076923076922 0.08846153846153847 0.021153846153846155 0.020673076923076922
