0 0.0028846153846153848 0.38461538461538464 0.004807692307692308 0.0057692307692307696
0 0.7057692307692308 0.5653846153846154 0.011538461538461539 0.012980769230769231
0 0.41201923076923075 0.38461538461538464 0.004807692307692308 0.0057692307692307696
0 0.30865384615384617 0.46153846153846156 0.010096153846153847 0.009134615384615385
0 0.7480769230769231 0.27163461538461536 0.012980769230769231 0.0125
0 0.25769230769230766 0.27548076923076925 0.004807692307692308 0.00625
0 0.09711538461538462 0.41634615384615387 0.010576923076923078 0.011057692307692308
0 0.33798076923076925 0.541826923076923 0.01201923076923077 0.012980769230769231
0 0.06442307692307692 0.46442307692307694 0.00625 0.00625
0 0.6129807692307693 0.38846153846153847 0.006730769230769231 0.007211538461538462
0 0.4971153846153846 0.3610576923076923 0.010576923076923078 0.010096153846153847
0 0.3264423076923077 0.43125 0.009615384615384616 0.010576923076923078
0 0.30240384615384613 0.34807692307692306 0.010096153846153847 0.011057692307692308
0 0.6134615384615385 0.5004807692307692 0.00625 0.006730769230769231
0 0.4201923076923077 0.5149038461538461 0.011538461538461539 0.013461538461538462
0 0.3456730769230769 0.36730769230769234 0.010576923076923078 0.010096153846153847
0 0.5826923076923077 0.4110576923076923 0.006730769230769231 0.007211538461538462
0 0.5100961538461538 0.47451923076923075 0.011538461538461539 0.01201923076923077
0 0.5605769230769231 0.4495192307692308 0.007211538461538462 0.007211538461538462
0 0.10913461538461539 0.5653846153846154 0.010576923076923078 0.010576923076923078
0 0.41923076923076924 0.10625 0.010576923076923078 0.01201923076923077
0 0.09567307692307692 0.5413461538461538 0.01201923076923077 0.013461538461538462
0 0.56875 0.4485576923076923 0.01201923076923077 0.012980769230769231
