0 0.4774038461538462 0.09423076923076923 0.013461538461538462 0.013942307692307693
0 0.5600961538461539 0.5759615384615384 0.016346153846153847 0.016346153846153847
0 0.79375 0.675 0.015865384615384615 0.016346153846153847
0 0.18846153846153846 0.3735576923076923 0.015384615384615385 0.015384615384615385
0 0.7206730769230769 0.6778846153846154 0.015384615384615385 0.016346153846153847
0 0.6096153846153847 0.6889423076923077 0.014903846153846155 0.015865384615384615
0 0.5817307692307693 0.06490384615384616 0.014903846153846155 0.015384615384615385
0 0.2653846153846154 0.5403846153846154 0.015384615384615385 0.015865384615384615
0 0.5658653846153846 0.019230769230769232 0.014423076923076924 0.014423076923076924
0 0.010096153846153847 0.8129807692307692 0.014423076923076924 0.015384615384615385
0 0.5283653846153846 0.1798076923076923 0.014423076923076924 0.015384615384615385
0 0.36153846153846153 0.6413461538461539 0.014903846153846155 0.014423076923076924
0 0.7245192307692307 0.5201923076923077 0.014423076923076924 0.015384615384615385
0 0.22451923076923078 0.7846153846153846 0.013461538461538462 0.013942307692307693
0 0.4153846153846154 0.7100961538461539 0.013461538461538462 0.014423076923076924
0 0.7009615384615384 0.09663461538461539 0.013461538461538462 0.014423076923076924
0 0.7 0.15913461538461537 0.013461538461538462 0.014423076923076924
0 0.7514423076923077 0.6139423076923077 0.014903846153846155 0.014903846153846155
0 0.7788461538461539 0.2658653846153846 0.0125 0.012980769230769231
0 0.6033653846153846 0.6 0.014903846153846155 0.015384615384615385
0 0.36778846153846156 0.30817307692307694 0.013942307692307693 0.014423076923076924
0 0.24326923076923077 0.2548076923076923 0.014903846153846155 0.014903846153846155
0 0.23028846153846153 0.5168269230769231 0.013461538461538462 0.013942307692307693
0 0.2567307692307692 0.3903846153846154 0.014423076923076924 0.013942307692307693
0 0.07067307692307692 0.10288461538461538 0.0125 0.013942307692307693
0 0.6365384615384615 0.35721153846153847 0.013942307692307693 0.015384615384615385
0 0.6947115384615384 0.40865384615384615 0.014903846153846155 0.015865384615384615
0 0.6793269230769231 0.30288461538461536 0.013461538461538462 0.013461538461538462
0 0.4173076923076923 0.40673076923076923 0.013461538461538462 0.013942307692307693
0 0.2014423076923077 0.2403846153846154 0.011538461538461539 0.0125
0 0.4326923076923077 0.5668269230769231 0.013461538461538462 0.013942307692307693
0 0.5908653846153846 0.03076923076923077 0.013942307692307693 0.015384615384615385
0 0.6850961538461539 0.35192307692307695 0.013461538461538462 0.012980769230769231
0 0.6019230769230769 0.8091346153846154 0.013942307692307693 0.014903846153846155
0 0.6326923076923077 0.5197115384615385 0.013461538461538462 0.013461538461538462
0 0.34134615384615385 0.37259615384615385 0.015384615384615385 0.016346153846153847
0 0.1673076923076923 0.7538461538461538 0.015384615384615385 0.015865384615384615
0 0.760576923076923 0.3971153846153846 0.01201923076923077 0.012980769230769231
0 0.4894230769230769 0.5307692307692308 0.015865384615384615 0.016346153846153847
0 0.33125 0.1466346153846154 0.013942307692307693 0.014423076923076924
0 0.4908653846153846 0.4913461538461538 0.015384615384615385 0.015865384615384615
0 0.33798076923076925 0.425 0.014423076923076924 0.014423076923076924
0 0.29615384615384616 0.28701923076923075 0.012980769230769231 0.013942307692307693
0 0.3456730769230769 0.05721153846153846 0.012980769230769231 0.013942307692307693
0 0.45721153846153845 0.0764423076923077 0.015384615384615385 0.016826923076923076
0 0.7485576923076923 0.03701923076923077 0.012980769230769231 0.013461538461538462
0 0.035576923076923075 0.55625 0.013461538461538462 0.013461538461538462
0 0.6019230769230769 0.5615384615384615 0.013942307692307693 0.014903846153846155
0 0.44519230769230766 0.04423076923076923 0.013461538461538462 0.014423076923076924
0 0.7326923076923076 0.36009615384615384 0.0125 0.012980769230769231
0 0.6600961538461538 0.055288461538461536 0.013942307692307693 0.013942307692307693
0 0.4110576923076923 0.7711538461538462 0.014423076923076924 0.015865384615384615
0 0.2865384615384615 0.24807692307692308 0.013942307692307693 0.013942307692307693
0 0.5230769230769231 0.53125 0.014423076923076924 0.014423076923076924
0 0.2865384615384615 0.5927884615384615 0.015865384615384615 0.016826923076923076
0 0.18653846153846154 0.4894230769230769 0.013461538461538462 0.013942307692307693
0 0.5322115384615385 0.43653846153846154 0.013461538461538462 0.013461538461538462
0 0.1658653846153846 0.6014423076923077 0.014903846153846155 0.015384615384615385
0 0.3721153846153846 0.2403846153846154 0.015384615384615385 0.014903846153846155
0 0.7980769230769231 0.4 0.014423076923076924 0.014423076923076924
0 0.49375 0.6447115384615385 0.013942307692307693 0.013942307692307693
0 0.5485576923076924 0.7899038461538461 0.0125 0.012980769230769231
0 0.5028846153846154 0.3769230769230769 0.01201923076923077 0.01201923076923077
0 0.3 0.015384615384615385 0.014423076923076924 0.014903846153846155
0 0.30865384615384617 0.38269230769230766 0.013461538461538462 0.014423076923076924
0 0.6216346153846154 0.08557692307692308 0.012980769230769231 0.013461538461538462
0 0.20096153846153847 0.1110576923076923 0.012980769230769231 0.012980769230769231
0 0.5024038461538461 0.5153846153846153 0.014903846153846155 0.014903846153846155
0 0.13365384615384615 0.31826923076923075 0.016826923076923076 0.01730769230769231
0 0.7971153846153847 0.42451923076923076 0.012980769230769231 0.013461538461538462
0 0.051923076923076926 0.23173076923076924 0.015384615384615385 0.015384615384615385
0 0.6846153846153846 0.26009615384615387 0.016346153846153847 0.015865384615384615
0 0.7875 0.036057692307692304 0.021153846153846155 0.020673076923076922
0 0.12596153846153846 0.08942307692307692 0.021153846153846155 0.021153846153846155
0 0.4533653846153846 0.11923076923076924 0.020673076923076922 0.020673076923076922
0 0.2264423076923077 0.25721153846153844 0.021153846153846155 0.020673076923076922
0 0.3317307692307692 0.28701923076923075 0.021153846153846155 0.020673076923076922
0 0.14759615384615385 0.3408653846153846 0.021153846153846155 0.020673076923076922
0 0.18221153846153845 0.4326923076923077 0.020673076923076922 0.020673076923076922
0 0.29086538461538464 0.31634615384615383 0.020673076923076922 0.020673076923076922
0 0.6038461538461538 0.33125 0.020673076923076922 0.021153846153846155
0 0.7153846153846154 0.5389423076923077 0.020673076923076922 0.021153846153846155
0 0.2923076923076923 0.5951923076923077 0.020673076923076922 0.020673076923076922
0 0.32403846153846155 0.6706730769230769 0.021153846153846155 0.021153846153846155
