0 0.4735576923076923 0.4048076923076923 0.012980769230769231 0.012980769230769231
0 0.2673076923076923 0.6365384615384615 0.01201923076923077 0.0125
0 0.4706730769230769 0.34326923076923077 0.013942307692307693 0.014903846153846155
0 0.425 0.30432692307692305 0.01201923076923077 0.01201923076923077
0 0.19903846153846153 0.32548076923076924 0.013942307692307693 0.014903846153846155
0 0.20721153846153847 0.16201923076923078 0.0125 0.0125
0 0.3701923076923077 0.09278846153846154 0.011538461538461539 0.01201923076923077
0 0.53125 0.10480769230769231 0.012980769230769231 0.012980769230769231
0 0.6793269230769231 0.5048076923076923 0.01201923076923077 0.0125
0 0.2951923076923077 0.03894230769230769 0.01201923076923077 0.0125
0 0.34471153846153846 0.17163461538461539 0.013942307692307693 0.013942307692307693
0 0.4408653846153846 0.3423076923076923 0.0125 0.012980769230769231
0 0.6379807692307692 0.01201923076923077 0.013942307692307693 0.014423076923076924
