0 0.7302884615384615 0.2076923076923077 0.014903846153846155 0.01875
0 0.47644230769230766 0.2610576923076923 0.014423076923076924 0.015384615384615385
0 0.7201923076923077 0.07692307692307693 0.014423076923076924 0.014903846153846155
0 0.7600961538461538 0.23509615384615384 0.014423076923076924 0.014423076923076924
0 0.10240384615384615 0.45048076923076924 0.013461538461538462 0.013942307692307693
0 0.9139423076923077 0.2110576923076923 0.013461538461538462 0.013461538461538462
0 0.7971153846153847 0.012980769230769231 0.014423076923076924 0.014903846153846155
0 0.6985576923076923 0.09423076923076923 0.014423076923076924 0.014903846153846155
0 0.5956730769230769 0.2048076923076923 0.0125 0.012980769230769231
0 0.46923076923076923 0.035096153846153846 0.013942307692307693 0.013942307692307693
0 0.43173076923076925 0.35673076923076924 0.014903846153846155 0.017788461538461538
0 0.520673076923077 0.13557692307692307 0.019230769230769232 0.019230769230769232
0 0.26009615384615387 0.5980769230769231 0.019230769230769232 0.019230769230769232
