0 0.3870192307692308 0.18125 0.010096153846153847 0.01201923076923077
0 0.3403846153846154 0.2668269230769231 0.005288461538461539 0.005288461538461539
0 0.5427884615384615 0.7173076923076923 0.014423076923076924 0.013942307692307693
0 0.7788461538461539 0.6591346153846154 0.005288461538461539 0.0057692307692307696
0 0.7947115384615384 0.6990384615384615 0.013942307692307693 0.013461538461538462
0 0.7942307692307692 0.3975961538461538 0.011538461538461539 0.011057692307692308
0 0.4639423076923077 0.46826923076923077 0.0057692307692307696 0.00625
0 0.12163461538461538 0.10721153846153846 0.00625 0.00625
0 0.7870192307692307 0.1519230769230769 0.00625 0.006730769230769231
0 0.42596153846153845 0.3125 0.009134615384615385 0.010576923076923078
0 0.825 0.28942307692307695 0.0125 0.011538461538461539
0 0.5552884615384616 0.37451923076923077 0.011057692307692308 0.010576923076923078
0 0.8384615384615385 0.30480769230769234 0.014423076923076924 0.014423076923076924
