0 0.14182692307692307 0.46105769230769234 0.012980769230769231 0.01201923076923077
0 0.5725961538461538 0.38653846153846155 0.01201923076923077 0.0125
0 0.38798076923076924 0.7673076923076924 0.01201923076923077 0.013461538461538462
0 0.6158653846153846 0.10721153846153846 0.010096153846153847 0.012980769230769231
0 0.07355769230769231 0.40384615384615385 0.0125 0.012980769230769231
0 0.41346153846153844 0.32067307692307695 0.013461538461538462 0.014423076923076924
0 0.6557692307692308 0.25096153846153846 0.014423076923076924 0.014903846153846155
0 0.4932692307692308 0.32259615384615387 0.014903846153846155 0.013461538461538462
0 0.10865384615384616 0.7980769230769231 0.009134615384615385 0.007692307692307693
0 0.5975961538461538 0.6947115384615384 0.012980769230769231 0.013942307692307693
0 0.4235576923076923 0.1605769230769231 0.009615384615384616 0.01201923076923077
0 0.6427884615384616 0.0985576923076923 0.009615384615384616 0.011057692307692308
0 0.6538461538461539 0.27740384615384617 0.008653846153846154 0.01201923076923077
