0 0.1 0.07788461538461539 0.015384615384615385 0.016826923076923076
0 0.11971153846153847 0.7716346153846154 0.016826923076923076 0.015865384615384615
0 0.13557692307692307 0.6230769230769231 0.016346153846153847 0.015384615384615385
0 0.7173076923076923 0.33605769230769234 0.016826923076923076 0.017788461538461538
0 0.2298076923076923 0.03028846153846154 0.016346153846153847 0.016346153846153847
0 0.5341346153846154 0.2485576923076923 0.016346153846153847 0.01826923076923077
0 0.7158653846153846 0.2485576923076923 0.014903846153846155 0.014423076923076924
0 0.016346153846153847 0.7024038461538461 0.016826923076923076 0.016346153846153847
0 0.3903846153846154 0.09086538461538461 0.015384615384615385 0.015865384615384615
0 0.6721153846153847 0.3038461538461538 0.015865384615384615 0.016346153846153847
0 0.46105769230769234 0.3153846153846154 0.016826923076923076 0.016826923076923076
0 0.19326923076923078 0.32548076923076924 0.015865384615384615 0.016826923076923076
0 0.5620192307692308 0.8682692307692308 0.01730769230769231 0.017788461538461538
0 0.06971153846153846 0.7399038461538462 0.017788461538461538 0.01826923076923077
0 0.16923076923076924 0.03317307692307692 0.016826923076923076 0.01730769230769231
0 0.19423076923076923 0.7288461538461538 0.015384615384615385 0.01875
0 0.11009615384615384 0.26826923076923076 0.016346153846153847 0.016826923076923076
0 0.6514423076923077 0.07403846153846154 0.016826923076923076 0.016826923076923076
0 0.4125 0.37403846153846154 0.016346153846153847 0.016346153846153847
0 0.02403846153846154 0.046634615384615385 0.016346153846153847 0.01730769230769231
0 0.1735576923076923 0.14182692307692307 0.015384615384615385 0.019230769230769232
0 0.5134615384615384 0.5971153846153846 0.015865384615384615 0.01730769230769231
0 0.1293269230769231 0.28173076923076923 0.015865384615384615 0.013461538461538462
0 0.37932692307692306 0.06153846153846154 0.016826923076923076 0.016346153846153847
0 0.42451923076923076 0.68125 0.015384615384615385 0.015865384615384615
0 0.4288461538461538 0.7456730769230769 0.015384615384615385 0.015384615384615385
0 0.16298076923076923 0.10625 0.014903846153846155 0.015384615384615385
0 0.41442307692307695 0.058173076923076925 0.016826923076923076 0.01730769230769231
0 0.6860576923076923 0.7432692307692308 0.016826923076923076 0.016826923076923076
0 0.11298076923076923 0.6120192307692308 0.016346153846153847 0.017788461538461538
0 0.11201923076923077 0.66875 0.016346153846153847 0.015865384615384615
0 0.698076923076923 0.61875 0.016346153846153847 0.01826923076923077
0 0.5706730769230769 0.06201923076923077 0.020192307692307693 0.020192307692307693
0 0.6485576923076923 0.31971153846153844 0.020192307692307693 0.020192307692307693
