0 0.5673076923076923 0.7235576923076923 0.015384615384615385 0.015865384615384615
0 0.42259615384615384 0.6966346153846154 0.015384615384615385 0.015865384615384615
0 0.7447115384615385 0.2264423076923077 0.013461538461538462 0.013942307692307693
0 0.44567307692307695 0.7331730769230769 0.015865384615384615 0.016826923076923076
0 0.5081730769230769 0.7697115384615385 0.015384615384615385 0.015384615384615385
0 0.20240384615384616 0.23173076923076924 0.013461538461538462 0.016826923076923076
0 0.12115384615384615 0.33413461538461536 0.013461538461538462 0.013942307692307693
0 0.6235576923076923 0.41778846153846155 0.013942307692307693 0.014423076923076924
0 0.13557692307692307 0.5245192307692308 0.013942307692307693 0.014423076923076924
0 0.17259615384615384 0.6889423076923077 0.014903846153846155 0.015865384615384615
0 0.6336538461538461 0.7 0.013461538461538462 0.014423076923076924
0 0.7759615384615385 0.34423076923076923 0.014903846153846155 0.016826923076923076
0 0.3375 0.14038461538461539 0.014423076923076924 0.014903846153846155
0 0.7519230769230769 0.5971153846153846 0.013942307692307693 0.014903846153846155
0 0.11057692307692307 0.3875 0.013461538461538462 0.014423076923076924
0 0.7552884615384615 0.74375 0.014423076923076924 0.015384615384615385
0 0.4485576923076923 0.20192307692307693 0.013461538461538462 0.014423076923076924
0 0.14278846153846153 0.13413461538461538 0.015384615384615385 0.01730769230769231
0 0.5706730769230769 0.009615384615384616 0.013942307692307693 0.014423076923076924
0 0.18653846153846154 0.5855769230769231 0.013461538461538462 0.014423076923076924
0 0.021153846153846155 0.15048076923076922 0.012980769230769231 0.013461538461538462
0 0.1798076923076923 0.2793269230769231 0.014423076923076924 0.014423076923076924
0 0.10096153846153846 0.6519230769230769 0.013942307692307693 0.014423076923076924
0 0.09423076923076923 0.2759615384615385 0.013942307692307693 0.015384615384615385
0 0.5995192307692307 0.43173076923076925 0.014423076923076924 0.015384615384615385
0 0.3096153846153846 0.5725961538461538 0.014423076923076924 0.014903846153846155
0 0.4716346153846154 0.7043269230769231 0.013942307692307693 0.013942307692307693
0 0.17548076923076922 0.22451923076923078 0.013942307692307693 0.014423076923076924
0 0.7360576923076924 0.3658653846153846 0.014423076923076924 0.015865384615384615
0 0.14134615384615384 0.8 0.013942307692307693 0.014903846153846155
0 0.5173076923076924 0.6230769230769231 0.013461538461538462 0.013942307692307693
0 0.7802884615384615 0.2841346153846154 0.014423076923076924 0.014903846153846155
0 0.021634615384615384 0.3889423076923077 0.014903846153846155 0.015384615384615385
0 0.5182692307692308 0.17692307692307693 0.013461538461538462 0.014423076923076924
0 0.23798076923076922 0.770673076923077 0.013942307692307693 0.014423076923076924
0 0.4235576923076923 0.2783653846153846 0.014903846153846155 0.015384615384615385
0 0.6177884615384616 0.6004807692307692 0.0125 0.0125
0 0.63125 0.20961538461538462 0.012980769230769231 0.013461538461538462
0 0.4716346153846154 0.7274038461538461 0.014903846153846155 0.015865384615384615
0 0.4394230769230769 0.2798076923076923 0.014423076923076924 0.014903846153846155
0 0.22115384615384615 0.8115384615384615 0.013461538461538462 0.013461538461538462
0 0.3485576923076923 0.44134615384615383 0.012980769230769231 0.012980769230769231
0 0.07836538461538461 0.4754807692307692 0.013461538461538462 0.013942307692307693
0 0.08076923076923077 0.7399038461538462 0.014423076923076924 0.014903846153846155
0 0.7649038461538461 0.38076923076923075 0.014423076923076924 0.014903846153846155
0 0.021153846153846155 0.42788461538461536 0.014903846153846155 0.014903846153846155
0 0.42932692307692305 0.5019230769230769 0.015384615384615385 0.014903846153846155
0 0.7269230769230769 0.13942307692307693 0.012980769230769231 0.012980769230769231
0 0.16490384615384615 0.5004807692307692 0.014423076923076924 0.015384615384615385
0 0.10144230769230769 0.2 0.013942307692307693 0.014423076923076924
0 0.5115384615384615 0.7413461538461539 0.014423076923076924 0.014903846153846155
0 0.43990384615384615 0.5278846153846154 0.014903846153846155 0.014903846153846155
0 0.3995192307692308 0.4360576923076923 0.012980769230769231 0.013461538461538462
0 0.2644230769230769 0.5322115384615385 0.012980769230769231 0.013942307692307693
0 0.7274038461538461 0.32548076923076924 0.014423076923076924 0.014903846153846155
0 0.33798076923076925 0.8317307692307693 0.015384615384615385 0.016826923076923076
0 0.27403846153846156 0.16153846153846155 0.013461538461538462 0.014423076923076924
0 0.28365384615384615 0.1918269230769231 0.013461538461538462 0.013942307692307693
0 0.05336538461538461 0.14278846153846153 0.01971153846153846 0.021153846153846155
0 0.058173076923076925 0.11201923076923077 0.014423076923076924 0.014423076923076924
0 0.5956730769230769 0.16682692307692307 0.014423076923076924 0.015865384615384615
0 0.5322115384615385 0.21826923076923077 0.014903846153846155 0.014903846153846155
0 0.7495192307692308 0.43509615384615385 0.0125 0.012980769230769231
0 0.44375 0.7865384615384615 0.013461538461538462 0.013942307692307693
0 0.008653846153846154 0.4548076923076923 0.012980769230769231 0.012980769230769231
0 0.06875 0.44326923076923075 0.013942307692307693 0.013461538461538462
0 0.07788461538461539 0.46057692307692305 0.013942307692307693 0.014903846153846155
0 0.0375 0.5336538461538461 0.012980769230769231 0.013461538461538462
0 0.11490384615384615 0.44711538461538464 0.012980769230769231 0.012980769230769231
0 0.44903846153846155 0.4360576923076923 0.013942307692307693 0.014903846153846155
0 0.08221153846153846 0.19230769230769232 0.014903846153846155 0.015384615384615385
0 0.4423076923076923 0.45576923076923076 0.013942307692307693 0.013942307692307693
0 0.22163461538461537 0.7480769230769231 0.012980769230769231 0.012980769230769231
0 0.43701923076923077 0.4668269230769231 0.013942307692307693 0.013942307692307693
0 0.07403846153846154 0.4519230769230769 0.0125 0.013461538461538462
0 0.7788461538461539 0.17067307692307693 0.01201923076923077 0.01201923076923077
0 0.3173076923076923 0.6110576923076924 0.014423076923076924 0.014903846153846155
0 0.2610576923076923 0.11826923076923077 0.020673076923076922 0.020673076923076922
0 0.30625 0.1951923076923077 0.020673076923076922 0.020673076923076922
0 0.075 0.56875 0.020673076923076922 0.020673076923076922
0 0.1764423076923077 0.5572115384615385 0.020673076923076922 0.020192307692307693
0 0.2528846153846154 0.4408653846153846 0.020673076923076922 0.020673076923076922
0 0.3057692307692308 0.5543269230769231 0.020673076923076922 0.020673076923076922
0 0.21298076923076922 0.525 0.020673076923076922 0.020192307692307693
0 0.6384615384615384 0.47259615384615383 0.020673076923076922 0.020673076923076922
0 0.7615384615384615 0.541826923076923 0.020673076923076922 0.020673076923076922
0 0.42596153846153845 0.7711538461538462 0.020673076923076922 0.020673076923076922
