0 0.7740384615384616 0.5610576923076923 0.01875 0.019230769230769232
0 0.1485576923076923 0.3918269230769231 0.01826923076923077 0.020192307692307693
0 0.7663461538461539 0.8201923076923077 0.016826923076923076 0.016346153846153847
0 0.3903846153846154 0.6125 0.016346153846153847 0.015384615384615385
0 0.6293269230769231 0.5293269230769231 0.015865384615384615 0.016346153846153847
0 0.22355769230769232 0.22596153846153846 0.015865384615384615 0.016346153846153847
0 0.5211538461538462 0.8278846153846153 0.01730769230769231 0.01730769230769231
0 0.08028846153846154 0.7875 0.01826923076923077 0.017788461538461538
0 0.17067307692307693 0.551923076923077 0.01730769230769231 0.01826923076923077
0 0.14759615384615385 0.5629807692307692 0.016346153846153847 0.01971153846153846
0 0.1375 0.17211538461538461 0.016346153846153847 0.01826923076923077
0 0.16538461538461538 0.21201923076923077 0.016346153846153847 0.01875
0 0.7384615384615385 0.15240384615384617 0.016346153846153847 0.016826923076923076
0 0.6711538461538461 0.7625 0.016346153846153847 0.01730769230769231
0 0.14038461538461539 0.1831730769230769 0.017788461538461538 0.020192307692307693
0 0.6793269230769231 0.5596153846153846 0.015384615384615385 0.015865384615384615
0 0.3423076923076923 0.49903846153846154 0.016826923076923076 0.01875
0 0.14951923076923077 0.5745192307692307 0.016346153846153847 0.017788461538461538
0 0.39663461538461536 0.10096153846153846 0.020192307692307693 0.020192307692307693
0 0.6086538461538461 0.8519230769230769 0.01971153846153846 0.020192307692307693
