0 0.4009615384615385 0.08028846153846154 0.010576923076923078 0.011057692307692308
0 0.64375 0.22932692307692307 0.009134615384615385 0.010096153846153847
0 0.06057692307692308 0.46875 0.009615384615384616 0.009615384615384616
0 0.30865384615384617 0.029326923076923077 0.009615384615384616 0.009615384615384616
0 0.20576923076923076 0.02548076923076923 0.009615384615384616 0.009615384615384616
0 0.43028846153846156 0.20625 0.011057692307692308 0.011057692307692308
0 0.25961538461538464 0.2841346153846154 0.008653846153846154 0.008653846153846154
0 0.4283653846153846 0.28557692307692306 0.009134615384615385 0.009615384615384616
0 0.08557692307692308 0.18269230769230768 0.009615384615384616 0.010096153846153847
0 0.15336538461538463 0.4221153846153846 0.008653846153846154 0.008653846153846154
0 0.5639423076923077 0.0125 0.008653846153846154 0.009134615384615385
0 0.3995192307692308 0.12403846153846154 0.010576923076923078 0.011057692307692308
0 0.4668269230769231 0.37259615384615385 0.009615384615384616 0.010096153846153847
0 0.34759615384615383 0.4403846153846154 0.010096153846153847 0.010096153846153847
0 0.49951923076923077 0.3192307692307692 0.011538461538461539 0.011538461538461539
0 0.6120192307692308 0.007692307692307693 0.0125 0.01201923076923077
0 0.33990384615384617 0.17211538461538461 0.012980769230769231 0.01201923076923077
