0 0.33942307692307694 0.2673076923076923 0.013461538461538462 0.013942307692307693
0 0.12067307692307692 0.7649038461538461 0.015865384615384615 0.015865384615384615
0 0.24278846153846154 0.24326923076923077 0.016346153846153847 0.016346153846153847
0 0.10144230769230769 0.42403846153846153 0.014423076923076924 0.014903846153846155
0 0.03894230769230769 0.42451923076923076 0.014903846153846155 0.014903846153846155
0 0.5048076923076923 0.4754807692307692 0.01730769230769231 0.01730769230769231
0 0.6557692307692308 0.36730769230769234 0.016826923076923076 0.016826923076923076
0 0.5389423076923077 0.4528846153846154 0.015384615384615385 0.015384615384615385
0 0.15144230769230768 0.3216346153846154 0.016826923076923076 0.016346153846153847
0 0.12740384615384615 0.6514423076923077 0.015865384615384615 0.016346153846153847
0 0.541826923076923 0.4673076923076923 0.015865384615384615 0.015865384615384615
0 0.5403846153846154 0.021634615384615384 0.01971153846153846 0.020192307692307693
0 0.3269230769230769 0.5807692307692308 0.020192307692307693 0.020192307692307693
