0 0.10096153846153846 0.4668269230769231 0.015384615384615385 0.016826923076923076
0 0.7216346153846154 0.07019230769230769 0.015865384615384615 0.017788461538461538
0 0.20192307692307693 0.24134615384615385 0.016346153846153847 0.015384615384615385
0 0.24086538461538462 0.17884615384615385 0.015384615384615385 0.015865384615384615
0 0.3956730769230769 0.23125 0.013942307692307693 0.014423076923076924
0 0.3596153846153846 0.2971153846153846 0.0125 0.011538461538461539
0 0.3581730769230769 0.6639423076923077 0.013942307692307693 0.014423076923076924
0 0.9134615384615384 0.4466346153846154 0.013942307692307693 0.014423076923076924
0 0.6543269230769231 0.30625 0.015384615384615385 0.014903846153846155
0 0.7389423076923077 0.10673076923076923 0.014903846153846155 0.014423076923076924
0 0.8254807692307692 0.44759615384615387 0.015384615384615385 0.016346153846153847
0 0.8629807692307693 0.17692307692307693 0.014423076923076924 0.014903846153846155
0 0.3975961538461538 0.21923076923076923 0.013942307692307693 0.014903846153846155
0 0.2971153846153846 0.16009615384615383 0.014423076923076924 0.015384615384615385
0 0.35528846153846155 0.28846153846153844 0.014903846153846155 0.016826923076923076
0 0.175 0.12884615384615383 0.013942307692307693 0.014423076923076924
0 0.34278846153846154 0.29375 0.013942307692307693 0.013942307692307693
0 0.7403846153846154 0.4125 0.012980769230769231 0.013461538461538462
0 0.3889423076923077 0.26634615384615384 0.014423076923076924 0.013942307692307693
0 0.23365384615384616 0.06442307692307692 0.01971153846153846 0.019230769230769232
0 0.28894230769230766 0.11490384615384615 0.01971153846153846 0.019230769230769232
0 0.23509615384615384 0.2110576923076923 0.019230769230769232 0.01971153846153846
0 0.520673076923077 0.18653846153846154 0.019230769230769232 0.019230769230769232
0 0.6076923076923076 0.2586538461538462 0.01971153846153846 0.01971153846153846
0 0.6211538461538462 0.2403846153846154 0.019230769230769232 0.019230769230769232
0 0.86875 0.2841346153846154 0.019230769230769232 0.019230769230769232
0 0.9288461538461539 0.2899038461538462 0.019230769230769232 0.019230769230769232
