0 0.8524038461538461 0.41634615384615387 0.015865384615384615 0.016826923076923076
0 0.19471153846153846 0.33557692307692305 0.016346153846153847 0.01730769230769231
0 0.2745192307692308 0.7221153846153846 0.015384615384615385 0.016826923076923076
0 0.8745192307692308 0.4735576923076923 0.016346153846153847 0.015865384615384615
0 0.11538461538461539 0.645673076923077 0.015865384615384615 0.016346153846153847
0 0.22884615384615384 0.38798076923076924 0.016826923076923076 0.017788461538461538
0 0.8519230769230769 0.47115384615384615 0.01730769230769231 0.01875
0 0.6706730769230769 0.3817307692307692 0.014903846153846155 0.015865384615384615
0 0.7177884615384615 0.02980769230769231 0.017788461538461538 0.019230769230769232
0 0.7884615384615384 0.6605769230769231 0.015865384615384615 0.016346153846153847
0 0.10432692307692308 0.49375 0.016826923076923076 0.01730769230769231
0 0.7288461538461538 0.5677884615384615 0.015865384615384615 0.01730769230769231
0 0.2144230769230769 0.675 0.015865384615384615 0.016346153846153847
