0 0.0125 0.12884615384615383 0.011057692307692308 0.0125
0 0.041826923076923074 0.24182692307692308 0.010096153846153847 0.011057692307692308
0 0.33557692307692305 0.2841346153846154 0.013461538461538462 0.013461538461538462
0 0.22596153846153846 0.1076923076923077 0.010576923076923078 0.011538461538461539
0 0.08846153846153847 0.14567307692307693 0.010096153846153847 0.011538461538461539
0 0.4043269230769231 0.4581730769230769 0.012980769230769231 0.01201923076923077
0 0.49230769230769234 0.5004807692307692 0.011057692307692308 0.01201923076923077
0 0.2 0.3216346153846154 0.0057692307692307696 0.006730769230769231
0 0.1841346153846154 0.18365384615384617 0.011538461538461539 0.012980769230769231
0 0.6615384615384615 0.18125 0.00625 0.00625
0 0.49567307692307694 0.44711538461538464 0.010096153846153847 0.011057692307692308
0 0.37548076923076923 0.1519230769230769 0.011057692307692308 0.0125
0 0.614423076923077 0.0375 0.0125 0.01201923076923077
0 0.11298076923076923 0.7475961538461539 0.009615384615384616 0.011057692307692308
0 0.39278846153846153 0.3605769230769231 0.012980769230769231 0.014423076923076924
0 0.21875 0.40865384615384615 0.011057692307692308 0.010576923076923078
0 0.06394230769230769 0.11201923076923077 0.010576923076923078 0.011057692307692308
0 0.4216346153846154 0.04807692307692308 0.011057692307692308 0.01201923076923077
0 0.5956730769230769 0.25384615384615383 0.01201923076923077 0.011538461538461539
0 0.4355769230769231 0.49038461538461536 0.010576923076923078 0.011057692307692308
0 0.03701923076923077 0.5365384615384615 0.0125 0.012980769230769231
0 0.33125 0.49182692307692305 0.010096153846153847 0.010576923076923078
0 0.12115384615384615 0.46153846153846156 0.01201923076923077 0.012980769230769231
0 0.5932692307692308 0.12403846153846154 0.013942307692307693 0.014903846153846155
0 0.28942307692307695 0.6451923076923077 0.0125 0.012980769230769231
0 0.6759615384615385 0.10625 0.011057692307692308 0.01201923076923077
0 0.6442307692307693 0.23221153846153847 0.0125 0.013942307692307693
0 0.42451923076923076 0.09038461538461538 0.01201923076923077 0.011538461538461539
0 0.49759615384615385 0.09711538461538462 0.010096153846153847 0.010096153846153847
0 0.35528846153846155 0.1076923076923077 0.01201923076923077 0.013942307692307693
0 0.4201923076923077 0.3875 0.013461538461538462 0.013942307692307693
0 0.66875 0.5274038461538462 0.004807692307692308 0.0057692307692307696
0 0.6793269230769231 0.7509615384615385 0.013461538461538462 0.011538461538461539
0 0.4701923076923077 0.06971153846153846 0.007692307692307693 0.007692307692307693
0 0.5201923076923077 0.0125 0.012980769230769231 0.013942307692307693
0 0.5134615384615384 0.05144230769230769 0.010576923076923078 0.011538461538461539
0 0.24326923076923077 0.16153846153846155 0.011057692307692308 0.01201923076923077
0 0.2173076923076923 0.47596153846153844 0.009615384615384616 0.011538461538461539
0 0.5389423076923077 0.5076923076923077 0.010096153846153847 0.011057692307692308
0 0.20048076923076924 0.3596153846153846 0.013942307692307693 0.014423076923076924
0 0.17884615384615385 0.13798076923076924 0.010096153846153847 0.0125
0 0.35721153846153847 0.4230769230769231 0.011057692307692308 0.010576923076923078
0 0.11394230769230769 0.7173076923076923 0.014903846153846155 0.014903846153846155
0 0.6346153846153846 0.13509615384615384 0.011538461538461539 0.01201923076923077
0 0.5182692307692308 0.5379807692307692 0.010576923076923078 0.011538461538461539
0 0.36346153846153845 0.7 0.010576923076923078 0.011538461538461539
0 0.1519230769230769 0.06057692307692308 0.011538461538461539 0.011538461538461539
0 0.6149038461538462 0.40384615384615385 0.013461538461538462 0.013461538461538462
0 0.6115384615384616 0.17692307692307693 0.010576923076923078 0.011057692307692308
0 0.2283653846153846 0.7576923076923077 0.010096153846153847 0.011538461538461539
0 0.40576923076923077 0.5139423076923076 0.011538461538461539 0.010576923076923078
0 0.2918269230769231 0.49567307692307694 0.004807692307692308 0.00625
0 0.3923076923076923 0.48653846153846153 0.007211538461538462 0.007211538461538462
0 0.24615384615384617 0.03173076923076923 0.012980769230769231 0.013461538461538462
0 0.13125 0.07836538461538461 0.006730769230769231 0.006730769230769231
0 0.48701923076923076 0.6879807692307692 0.013461538461538462 0.014423076923076924
0 0.46153846153846156 0.17932692307692308 0.004807692307692308 0.0057692307692307696
0 0.49567307692307694 0.17259615384615384 0.011538461538461539 0.011538461538461539
0 0.5456730769230769 0.5326923076923077 0.010576923076923078 0.011538461538461539
0 0.5923076923076923 0.23317307692307693 0.011538461538461539 0.01201923076923077
0 0.47692307692307695 0.1673076923076923 0.011538461538461539 0.012980769230769231
0 0.6610576923076923 0.5298076923076923 0.011057692307692308 0.0125
0 0.5081730769230769 0.13846153846153847 0.019230769230769232 0.01971153846153846
