0 0.6711538461538461 0.64375 0.015865384615384615 0.016346153846153847
0 0.3975961538461538 0.01971153846153846 0.013942307692307693 0.014903846153846155
0 0.4235576923076923 0.01201923076923077 0.014903846153846155 0.015384615384615385
0 0.19375 0.1639423076923077 0.013461538461538462 0.014423076923076924
0 0.8461538461538461 0.3033653846153846 0.0125 0.013461538461538462
0 0.25096153846153846 0.5951923076923077 0.013461538461538462 0.014423076923076924
0 0.2485576923076923 0.5649038461538461 0.013461538461538462 0.013461538461538462
0 0.7192307692307692 0.15 0.011057692307692308 0.011057692307692308
0 0.8201923076923077 0.520673076923077 0.011538461538461539 0.011538461538461539
0 0.41442307692307695 0.06009615384615385 0.01201923076923077 0.0125
0 0.3245192307692308 0.6860576923076923 0.0125 0.013461538461538462
0 0.3423076923076923 0.2721153846153846 0.01201923076923077 0.01201923076923077
0 0.21971153846153846 0.3908653846153846 0.0125 0.012980769230769231
0 0.5235576923076923 0.6269230769230769 0.010576923076923078 0.011057692307692308
0 0.2533653846153846 0.2389423076923077 0.01201923076923077 0.013461538461538462
0 0.7841346153846154 0.7149038461538462 0.010576923076923078 0.011538461538461539
0 0.3384615384615385 0.7350961538461539 0.01201923076923077 0.0125
0 0.18653846153846154 0.6240384615384615 0.013942307692307693 0.014423076923076924
0 0.5850961538461539 0.27692307692307694 0.012980769230769231 0.013942307692307693
0 0.7846153846153846 0.4620192307692308 0.013461538461538462 0.013942307692307693
0 0.5274038461538462 0.6870192307692308 0.011057692307692308 0.011057692307692308
0 0.5754807692307692 0.7322115384615384 0.011057692307692308 0.011057692307692308
0 0.6629807692307692 0.6004807692307692 0.013461538461538462 0.013942307692307693
0 0.6216346153846154 0.3014423076923077 0.013461538461538462 0.013461538461538462
0 0.5211538461538462 0.017788461538461538 0.011538461538461539 0.0125
0 0.4485576923076923 0.7677884615384616 0.016346153846153847 0.016826923076923076
0 0.8495192307692307 0.7067307692307693 0.0125 0.0125
0 0.4528846153846154 0.33221153846153845 0.01201923076923077 0.013461538461538462
0 0.6341346153846154 0.28701923076923075 0.0125 0.0125
0 0.7927884615384615 0.4514423076923077 0.012980769230769231 0.013942307692307693
0 0.49375 0.4807692307692308 0.014423076923076924 0.014903846153846155
0 0.3908653846153846 0.11153846153846154 0.011538461538461539 0.012980769230769231
0 0.6826923076923077 0.5649038461538461 0.011057692307692308 0.01201923076923077
0 0.21057692307692308 0.3802884615384615 0.01201923076923077 0.0125
0 0.5081730769230769 0.43509615384615385 0.011538461538461539 0.01201923076923077
0 0.6259615384615385 0.44471153846153844 0.011057692307692308 0.011538461538461539
0 0.3423076923076923 0.23365384615384616 0.0125 0.012980769230769231
0 0.8524038461538461 0.14086538461538461 0.01201923076923077 0.01201923076923077
0 0.18701923076923077 0.42740384615384613 0.011538461538461539 0.01201923076923077
0 0.20576923076923076 0.48846153846153845 0.0125 0.013461538461538462
0 0.5509615384615385 0.05048076923076923 0.01201923076923077 0.01201923076923077
0 0.48846153846153845 0.15913461538461537 0.014903846153846155 0.014903846153846155
0 0.8394230769230769 0.2932692307692308 0.021153846153846155 0.021153846153846155
0 0.6783653846153846 0.6423076923076924 0.021634615384615384 0.021153846153846155
0 0.666826923076923 0.6451923076923077 0.021634615384615384 0.021153846153846155
0 0.825 0.6451923076923077 0.021634615384615384 0.021153846153846155
0 0.8192307692307692 0.7240384615384615 0.021634615384615384 0.021153846153846155
