0 0.7471153846153846 0.75 0.015865384615384615 0.01730769230769231
0 0.6274038461538461 0.5038461538461538 0.01730769230769231 0.017788461538461538
0 0.8985576923076923 0.3605769230769231 0.01730769230769231 0.017788461538461538
0 0.014423076923076924 0.6639423076923077 0.016346153846153847 0.016826923076923076
0 0.8134615384615385 0.4533653846153846 0.015865384615384615 0.023076923076923078
0 0.9067307692307692 0.6211538461538462 0.016346153846153847 0.016826923076923076
0 0.5076923076923077 0.41923076923076924 0.015384615384615385 0.015384615384615385
0 0.9182692307692307 0.3975961538461538 0.016826923076923076 0.01826923076923077
0 0.8985576923076923 0.6557692307692308 0.016826923076923076 0.020192307692307693
0 0.07932692307692307 0.510576923076923 0.014423076923076924 0.015384615384615385
