0 0.6913461538461538 0.7086538461538462 0.010576923076923078 0.01201923076923077
0 0.7043269230769231 0.30528846153846156 0.011538461538461539 0.0125
0 0.6216346153846154 0.5028846153846154 0.010576923076923078 0.0125
0 0.3408653846153846 0.41442307692307695 0.014423076923076924 0.013942307692307693
0 0.16201923076923078 0.5182692307692308 0.010576923076923078 0.011538461538461539
0 0.6725961538461539 0.3096153846153846 0.013461538461538462 0.013461538461538462
0 0.09182692307692308 0.29615384615384616 0.009615384615384616 0.011538461538461539
0 0.3317307692307692 0.6783653846153846 0.01201923076923077 0.01201923076923077
0 0.6211538461538462 0.38846153846153847 0.00625 0.0057692307692307696
0 0.10528846153846154 0.10144230769230769 0.0125 0.01201923076923077
0 0.5725961538461538 0.06586538461538462 0.013942307692307693 0.013942307692307693
0 0.63125 0.7581730769230769 0.019230769230769232 0.019230769230769232
