0 0.035096153846153846 0.0764423076923077 0.011057692307692308 0.011538461538461539
0 0.2298076923076923 0.6697115384615384 0.012980769230769231 0.0125
0 0.29375 0.47884615384615387 0.011538461538461539 0.0125
0 0.17403846153846153 0.3875 0.01201923076923077 0.01201923076923077
0 0.08028846153846154 0.1264423076923077 0.010576923076923078 0.011538461538461539
0 0.18076923076923077 0.6841346153846154 0.011538461538461539 0.011057692307692308
0 0.2014423076923077 0.5009615384615385 0.011057692307692308 0.01201923076923077
0 0.29903846153846153 0.2899038461538462 0.011057692307692308 0.010576923076923078
0 0.3264423076923077 0.3610576923076923 0.011538461538461539 0.01201923076923077
0 0.20865384615384616 0.325 0.01201923076923077 0.0125
0 0.08221153846153846 0.4423076923076923 0.011057692307692308 0.01201923076923077
0 0.24615384615384617 0.2653846153846154 0.011057692307692308 0.010576923076923078
0 0.2932692307692308 0.4548076923076923 0.011538461538461539 0.011057692307692308
0 0.18846153846153846 0.052884615384615384 0.011538461538461539 0.01201923076923077
0 0.2610576923076923 0.6918269230769231 0.011538461538461539 0.01201923076923077
0 0.5706730769230769 0.4288461538461538 0.0125 0.013942307692307693
0 0.3701923076923077 0.5706730769230769 0.011057692307692308 0.0125
0 0.06442307692307692 0.15865384615384615 0.011057692307692308 0.011538461538461539
0 0.38653846153846155 0.5557692307692308 0.011538461538461539 0.011538461538461539
0 0.22692307692307692 0.5557692307692308 0.01201923076923077 0.01201923076923077
0 0.13557692307692307 0.020192307692307693 0.01201923076923077 0.011538461538461539
0 0.3557692307692308 0.3644230769230769 0.010096153846153847 0.011538461538461539
0 0.17067307692307693 0.4326923076923077 0.01201923076923077 0.01201923076923077
0 0.325 0.5245192307692308 0.011538461538461539 0.01201923076923077
0 0.31875 0.2692307692307692 0.011057692307692308 0.010576923076923078
0 0.29759615384615384 0.5817307692307693 0.011057692307692308 0.0125
0 0.2932692307692308 0.3841346153846154 0.011538461538461539 0.01201923076923077
0 0.2153846153846154 0.13028846153846155 0.011538461538461539 0.011538461538461539
0 0.12403846153846154 0.013942307692307693 0.010576923076923078 0.010576923076923078
0 0.3216346153846154 0.5331730769230769 0.0125 0.013942307692307693
0 0.04567307692307692 0.26826923076923076 0.011057692307692308 0.011057692307692308
0 0.03221153846153846 0.43365384615384617 0.01971153846153846 0.01971153846153846
0 0.05432692307692308 0.6134615384615385 0.020192307692307693 0.01971153846153846
