0 0.22788461538461538 0.6942307692307692 0.011057692307692308 0.010576923076923078
0 0.05 0.4778846153846154 0.010576923076923078 0.010096153846153847
0 0.2778846153846154 0.4125 0.011057692307692308 0.011057692307692308
0 0.6298076923076923 0.14615384615384616 0.011057692307692308 0.011057692307692308
0 0.23942307692307693 0.08461538461538462 0.009615384615384616 0.011057692307692308
0 0.6793269230769231 0.1605769230769231 0.011538461538461539 0.011538461538461539
0 0.55625 0.05913461538461538 0.011538461538461539 0.011057692307692308
0 0.8673076923076923 0.3423076923076923 0.01201923076923077 0.011057692307692308
0 0.6298076923076923 0.2971153846153846 0.010096153846153847 0.009615384615384616
0 0.5528846153846154 0.19951923076923078 0.011057692307692308 0.011538461538461539
0 0.3841346153846154 0.5572115384615385 0.010096153846153847 0.011538461538461539
0 0.7764423076923077 0.2783653846153846 0.01201923076923077 0.013942307692307693
0 0.11730769230769231 0.032692307692307694 0.010096153846153847 0.010576923076923078
0 0.47884615384615387 0.015865384615384615 0.01201923076923077 0.01201923076923077
0 0.37451923076923077 0.42259615384615384 0.010576923076923078 0.01201923076923077
0 0.03125 0.027884615384615386 0.011538461538461539 0.0125
0 0.0889423076923077 0.19807692307692307 0.010576923076923078 0.010576923076923078
0 0.5370192307692307 0.4735576923076923 0.010096153846153847 0.011057692307692308
0 0.019230769230769232 0.07019230769230769 0.011538461538461539 0.011538461538461539
0 0.6548076923076923 0.1908653846153846 0.013942307692307693 0.013461538461538462
0 0.0798076923076923 0.4774038461538462 0.010096153846153847 0.011057692307692308
0 0.44375 0.3769230769230769 0.011057692307692308 0.01201923076923077
0 0.66875 0.21875 0.010576923076923078 0.011057692307692308
0 0.4115384615384615 0.03028846153846154 0.013461538461538462 0.013461538461538462
