0 0.2706730769230769 0.4235576923076923 0.01730769230769231 0.017788461538461538
0 0.011538461538461539 0.8038461538461539 0.01875 0.019230769230769232
0 0.3663461538461538 0.6153846153846154 0.015384615384615385 0.017788461538461538
0 0.4360576923076923 0.33942307692307694 0.016826923076923076 0.016346153846153847
0 0.3125 0.5225961538461539 0.017788461538461538 0.01875
0 0.5716346153846154 0.35625 0.015865384615384615 0.015865384615384615
0 0.6206730769230769 0.5774038461538461 0.016826923076923076 0.017788461538461538
0 0.37403846153846154 0.5100961538461538 0.015384615384615385 0.016346153846153847
0 0.6158653846153846 0.5331730769230769 0.015384615384615385 0.016826923076923076
0 0.42932692307692305 0.5028846153846154 0.015865384615384615 0.015865384615384615
0 0.42740384615384613 0.8153846153846154 0.016826923076923076 0.016826923076923076
0 0.46923076923076923 0.81875 0.020192307692307693 0.020192307692307693
0 0.6961538461538461 0.8201923076923077 0.020192307692307693 0.020192307692307693
