0 0.6524038461538462 0.7543269230769231 0.013942307692307693 0.014423076923076924
0 0.05673076923076923 0.5971153846153846 0.013461538461538462 0.013461538461538462
0 0.6129807692307693 0.1326923076923077 0.011538461538461539 0.01201923076923077
0 0.24903846153846154 0.24951923076923077 0.01201923076923077 0.0125
0 0.15384615384615385 0.3716346153846154 0.01201923076923077 0.0125
0 0.6028846153846154 0.3548076923076923 0.011538461538461539 0.011538461538461539
0 0.3019230769230769 0.5759615384615384 0.010576923076923078 0.011057692307692308
0 0.3418269230769231 0.6192307692307693 0.010576923076923078 0.011057692307692308
0 0.5 0.6269230769230769 0.013942307692307693 0.014903846153846155
0 0.7221153846153846 0.3682692307692308 0.015384615384615385 0.015865384615384615
0 0.2966346153846154 0.583173076923077 0.01201923076923077 0.01201923076923077
