0 0.7057692307692308 0.3581730769230769 0.014423076923076924 0.014903846153846155
0 0.7235576923076923 0.5230769230769231 0.013461538461538462 0.013942307692307693
0 0.38317307692307695 0.74375 0.0125 0.013461538461538462
0 0.2326923076923077 0.4341346153846154 0.014903846153846155 0.014903846153846155
0 0.8043269230769231 0.15384615384615385 0.013942307692307693 0.013942307692307693
0 0.5432692307692307 0.8033653846153846 0.013461538461538462 0.013942307692307693
0 0.1201923076923077 0.17403846153846153 0.013461538461538462 0.013461538461538462
0 0.7629807692307692 0.541826923076923 0.013942307692307693 0.014423076923076924
0 0.07788461538461539 0.31009615384615385 0.012980769230769231 0.013942307692307693
0 0.15096153846153845 0.64375 0.013942307692307693 0.014423076923076924
0 0.014903846153846155 0.19038461538461537 0.015384615384615385 0.016346153846153847
0 0.03942307692307692 0.7975961538461539 0.0125 0.012980769230769231
0 0.09663461538461539 0.7149038461538462 0.017788461538461538 0.01971153846153846
0 0.5447115384615384 0.7331730769230769 0.013461538461538462 0.014423076923076924
0 0.21153846153846154 0.7533653846153846 0.016346153846153847 0.016346153846153847
0 0.3153846153846154 0.6778846153846154 0.014903846153846155 0.014903846153846155
0 0.35384615384615387 0.43125 0.014423076923076924 0.014903846153846155
0 0.5009615384615385 0.3091346153846154 0.014423076923076924 0.014423076923076924
0 0.03028846153846154 0.19230769230769232 0.015384615384615385 0.015865384615384615
0 0.7158653846153846 0.07788461538461539 0.013461538461538462 0.014423076923076924
0 0.6826923076923077 0.08461538461538462 0.016826923076923076 0.016826923076923076
0 0.11490384615384615 0.14375 0.013461538461538462 0.013942307692307693
0 0.37548076923076923 0.739423076923077 0.015384615384615385 0.014903846153846155
0 0.4519230769230769 0.7389423076923077 0.021153846153846155 0.021153846153846155
