0 0.6899038461538461 0.12259615384615384 0.013942307692307693 0.013942307692307693
0 0.49615384615384617 0.2951923076923077 0.016346153846153847 0.016826923076923076
0 0.5274038461538462 0.09759615384615385 0.013461538461538462 0.013942307692307693
0 0.5264423076923077 0.3105769230769231 0.013461538461538462 0.013942307692307693
0 0.5475961538461539 0.6932692307692307 0.013461538461538462 0.013461538461538462
0 0.3033653846153846 0.03413461538461538 0.012980769230769231 0.012980769230769231
0 0.3389423076923077 0.29471153846153847 0.016346153846153847 0.01730769230769231
0 0.09567307692307692 0.058653846153846154 0.012980769230769231 0.0125
0 0.7475961538461539 0.31201923076923077 0.013942307692307693 0.015384615384615385
0 0.4668269230769231 0.38653846153846155 0.0125 0.012980769230769231
0 0.6384615384615384 0.06682692307692308 0.0125 0.012980769230769231
0 0.7975961538461539 0.3139423076923077 0.011538461538461539 0.011538461538461539
0 0.01730769230769231 0.28894230769230766 0.014423076923076924 0.015865384615384615
0 0.4235576923076923 0.32740384615384616 0.015384615384615385 0.015865384615384615
0 0.17211538461538461 0.5274038461538462 0.0125 0.012980769230769231
0 0.6658653846153846 0.3153846153846154 0.013461538461538462 0.013942307692307693
0 0.6110576923076924 0.01971153846153846 0.013461538461538462 0.013461538461538462
