0 0.7495192307692308 0.011057692307692308 0.009615384615384616 0.009615384615384616
0 0.7038461538461539 0.3173076923076923 0.010096153846153847 0.010576923076923078
0 0.8028846153846154 0.0057692307692307696 0.008653846153846154 0.009615384615384616
0 0.4355769230769231 0.075 0.012980769230769231 0.013942307692307693
0 0.7009615384615384 0.016826923076923076 0.010096153846153847 0.010576923076923078
0 0.6509615384615385 0.16201923076923078 0.009615384615384616 0.010096153846153847
0 0.6663461538461538 0.03076923076923077 0.009134615384615385 0.010576923076923078
0 0.8168269230769231 0.0625 0.010096153846153847 0.010576923076923078
0 0.7658653846153847 0.08557692307692308 0.011057692307692308 0.010096153846153847
0 0.1548076923076923 0.08076923076923077 0.011538461538461539 0.011538461538461539
