0 0.4014423076923077 0.5528846153846154 0.013942307692307693 0.013942307692307693
0 0.4389423076923077 0.475 0.012980769230769231 0.012980769230769231
0 0.13076923076923078 0.6721153846153847 0.011538461538461539 0.012980769230769231
0 0.012980769230769231 0.6985576923076923 0.014423076923076924 0.0125
0 0.3158653846153846 0.5379807692307692 0.006730769230769231 0.007211538461538462
0 0.3245192307692308 0.6274038461538461 0.011538461538461539 0.013461538461538462
0 0.64375 0.4625 0.012980769230769231 0.0125
0 0.26153846153846155 0.48221153846153847 0.00625 0.006730769230769231
0 0.07740384615384616 0.30288461538461536 0.00625 0.007211538461538462
0 0.3403846153846154 0.3610576923076923 0.011057692307692308 0.012980769230769231
0 0.047596153846153844 0.4216346153846154 0.009134615384615385 0.010096153846153847
0 0.45384615384615384 0.09423076923076923 0.0057692307692307696 0.0057692307692307696
0 0.19951923076923078 0.6048076923076923 0.005288461538461539 0.00625
0 0.055288461538461536 0.3605769230769231 0.009615384615384616 0.009615384615384616
0 0.046153846153846156 0.5908653846153846 0.013942307692307693 0.013461538461538462
0 0.052884615384615384 0.5961538461538461 0.005288461538461539 0.0057692307692307696
0 0.6485576923076923 0.46875 0.0057692307692307696 0.004807692307692308
0 0.03125 0.49038461538461536 0.010576923076923078 0.01201923076923077
0 0.44134615384615383 0.48365384615384616 0.008173076923076924 0.004807692307692308
0 0.05336538461538461 0.5403846153846154 0.01875 0.019230769230769232
0 0.0625 0.5985576923076923 0.01875 0.01875
0 0.21009615384615385 0.6100961538461539 0.01875 0.01875
