0 0.2879807692307692 0.5269230769230769 0.013461538461538462 0.014423076923076924
0 0.35 0.12451923076923077 0.014423076923076924 0.014423076923076924
0 0.6341346153846154 0.11875 0.013942307692307693 0.014423076923076924
0 0.2644230769230769 0.22115384615384615 0.013461538461538462 0.013942307692307693
0 0.3730769230769231 0.5230769230769231 0.014423076923076924 0.014903846153846155
0 0.6649038461538461 0.12692307692307692 0.013461538461538462 0.013942307692307693
0 0.23413461538461539 0.5293269230769231 0.013461538461538462 0.013942307692307693
0 0.6201923076923077 0.07596153846153846 0.015384615384615385 0.015384615384615385
0 0.5658653846153846 0.15048076923076922 0.015384615384615385 0.016346153846153847
0 0.14278846153846153 0.5163461538461539 0.013942307692307693 0.014423076923076924
0 0.7254807692307692 0.2831730769230769 0.014423076923076924 0.013942307692307693
0 0.6956730769230769 0.22163461538461537 0.015384615384615385 0.014423076923076924
0 0.6057692307692307 0.4774038461538462 0.014423076923076924 0.014903846153846155
0 0.4173076923076923 0.22163461538461537 0.013461538461538462 0.013461538461538462
0 0.5903846153846154 0.4668269230769231 0.015384615384615385 0.015865384615384615
0 0.7822115384615385 0.13413461538461538 0.0125 0.01201923076923077
0 0.7677884615384616 0.19278846153846155 0.016826923076923076 0.015865384615384615
0 0.8129807692307692 0.6129807692307693 0.015865384615384615 0.01730769230769231
0 0.5475961538461539 0.1201923076923077 0.012980769230769231 0.013461538461538462
0 0.7817307692307692 0.20432692307692307 0.01875 0.01875
