0 0.4625 0.5644230769230769 0.016826923076923076 0.01826923076923077
0 0.11201923076923077 0.15865384615384615 0.015865384615384615 0.015865384615384615
0 0.5557692307692308 0.7134615384615385 0.01730769230769231 0.01730769230769231
0 0.17451923076923076 0.21057692307692308 0.016346153846153847 0.01730769230769231
0 0.5442307692307692 0.21346153846153845 0.015865384615384615 0.01730769230769231
0 0.6423076923076924 0.34375 0.016346153846153847 0.016826923076923076
0 0.29951923076923076 0.5822115384615385 0.016826923076923076 0.01875
0 0.48173076923076924 0.28173076923076923 0.01730769230769231 0.019230769230769232
0 0.5615384615384615 0.16682692307692307 0.016826923076923076 0.01826923076923077
0 0.6735576923076924 0.31346153846153846 0.015865384615384615 0.015865384615384615
