0 0.2980769230769231 0.5014423076923077 0.010576923076923078 0.011057692307692308
0 0.175 0.3019230769230769 0.01201923076923077 0.0125
0 0.37740384615384615 0.823076923076923 0.0125 0.012980769230769231
0 0.30528846153846156 0.31682692307692306 0.011057692307692308 0.011057692307692308
0 0.42596153846153845 0.22355769230769232 0.011538461538461539 0.01201923076923077
0 0.8355769230769231 0.6153846153846154 0.010576923076923078 0.010576923076923078
0 0.2456730769230769 0.29134615384615387 0.004807692307692308 0.0057692307692307696
0 0.37596153846153846 0.45048076923076924 0.010096153846153847 0.010576923076923078
0 0.6610576923076923 0.5028846153846154 0.00625 0.00625
0 0.21634615384615385 0.4125 0.010096153846153847 0.010576923076923078
0 0.2764423076923077 0.36009615384615384 0.005288461538461539 0.00625
0 0.8307692307692308 0.3076923076923077 0.00625 0.006730769230769231
0 0.2701923076923077 0.36153846153846153 0.005288461538461539 0.00625
