0 0.5639423076923077 0.2 0.022115384615384617 0.022115384615384617
0 0.7788461538461539 0.25576923076923075 0.021634615384615384 0.022115384615384617
0 0.676923076923077 0.22259615384615383 0.022115384615384617 0.021634615384615384
0 0.19663461538461538 0.31153846153846154 0.022115384615384617 0.022115384615384617
0 0.16826923076923078 0.2783653846153846 0.022115384615384617 0.022115384615384617
0 0.5653846153846154 0.38509615384615387 0.021634615384615384 0.021634615384615384
0 0.5961538461538461 0.33413461538461536 0.022115384615384617 0.022115384615384617
0 0.6057692307692307 0.32403846153846155 0.022115384615384617 0.022115384615384617
0 0.6408653846153847 0.4 0.022115384615384617 0.021634615384615384
0 0.6903846153846154 0.3735576923076923 0.022115384615384617 0.022115384615384617
0 0.7894230769230769 0.40625 0.022115384615384617 0.021634615384615384
0 0.6927884615384615 0.5076923076923077 0.022115384615384617 0.022115384615384617
0 0.3802884615384615 0.43173076923076925 0.022115384615384617 0.022115384615384617
0 0.0985576923076923 0.5971153846153846 0.022115384615384617 0.022115384615384617
0 0.2764423076923077 0.6072115384615384 0.021634615384615384 0.021634615384615384
0 0.2860576923076923 0.6009615384615384 0.022115384615384617 0.021634615384615384
0 0.5201923076923077 0.5274038461538462 0.022115384615384617 0.022115384615384617
0 0.23653846153846153 0.6451923076923077 0.022115384615384617 0.022115384615384617
0 0.23365384615384616 0.73125 0.022115384615384617 0.021634615384615384
0 0.78125 0.7173076923076923 0.021634615384615384 0.022115384615384617
0 0.7649038461538461 0.6817307692307693 0.022115384615384617 0.021634615384615384
