0 0.33365384615384613 0.7408653846153846 0.01201923076923077 0.013461538461538462
0 0.5091346153846154 0.30240384615384613 0.011538461538461539 0.0125
0 0.6274038461538461 0.2326923076923077 0.013461538461538462 0.013942307692307693
0 0.6947115384615384 0.5610576923076923 0.012980769230769231 0.013461538461538462
0 0.3471153846153846 0.33365384615384613 0.013942307692307693 0.014423076923076924
0 0.5865384615384616 0.823076923076923 0.01201923076923077 0.011538461538461539
0 0.5620192307692308 0.22403846153846155 0.0125 0.01201923076923077
0 0.41009615384615383 0.51875 0.01201923076923077 0.0125
0 0.6331730769230769 0.5778846153846153 0.009134615384615385 0.011538461538461539
0 0.1283653846153846 0.30096153846153845 0.011538461538461539 0.010576923076923078
0 0.5778846153846153 0.45721153846153845 0.0125 0.0125
0 0.008653846153846154 0.49951923076923077 0.011538461538461539 0.01201923076923077
0 0.13076923076923078 0.6206730769230769 0.013461538461538462 0.013942307692307693
0 0.4480769230769231 0.6072115384615384 0.011057692307692308 0.011057692307692308
0 0.3158653846153846 0.12403846153846154 0.015384615384615385 0.015865384615384615
0 0.4307692307692308 0.5716346153846154 0.010096153846153847 0.01201923076923077
0 0.6701923076923076 0.3370192307692308 0.014423076923076924 0.014423076923076924
0 0.34423076923076923 0.7889423076923077 0.014423076923076924 0.013461538461538462
0 0.2966346153846154 0.5793269230769231 0.010096153846153847 0.011538461538461539
0 0.5783653846153847 0.18028846153846154 0.011538461538461539 0.013461538461538462
0 0.2923076923076923 0.5370192307692307 0.015384615384615385 0.015865384615384615
0 0.23942307692307693 0.1841346153846154 0.010576923076923078 0.01201923076923077
0 0.4879807692307692 0.5865384615384616 0.00625 0.00625
0 0.6125 0.28365384615384615 0.014423076923076924 0.013942307692307693
0 0.46153846153846156 0.5625 0.014423076923076924 0.013942307692307693
0 0.29903846153846153 0.33413461538461536 0.011057692307692308 0.011538461538461539
0 0.6139423076923077 0.3298076923076923 0.011057692307692308 0.01201923076923077
0 0.61875 0.31634615384615383 0.011057692307692308 0.01201923076923077
