0 0.4908653846153846 0.8221153846153846 0.012980769230769231 0.0125
0 0.5221153846153846 0.5240384615384616 0.011057692307692308 0.012980769230769231
0 0.46105769230769234 0.30432692307692305 0.010576923076923078 0.01201923076923077
0 0.40240384615384617 0.5317307692307692 0.009615384615384616 0.010576923076923078
0 0.4831730769230769 0.3605769230769231 0.013461538461538462 0.012980769230769231
0 0.36538461538461536 0.6754807692307693 0.012980769230769231 0.013461538461538462
0 0.04471153846153846 0.6701923076923076 0.01201923076923077 0.01201923076923077
0 0.4913461538461538 0.4389423076923077 0.013461538461538462 0.0125
0 0.2721153846153846 0.5168269230769231 0.014423076923076924 0.012980769230769231
0 0.09423076923076923 0.2932692307692308 0.010096153846153847 0.013942307692307693
0 0.32259615384615387 0.7927884615384615 0.011057692307692308 0.011057692307692308
0 0.5841346153846154 0.5197115384615385 0.009615384615384616 0.010576923076923078
0 0.225 0.8144230769230769 0.011057692307692308 0.011057692307692308
0 0.5115384615384615 0.4658653846153846 0.008173076923076924 0.006730769230769231
0 0.04375 0.43125 0.004807692307692308 0.004807692307692308
0 0.41875 0.5658653846153846 0.010576923076923078 0.01201923076923077
0 0.33221153846153845 0.225 0.009615384615384616 0.01201923076923077
0 0.29951923076923076 0.20961538461538462 0.010096153846153847 0.01201923076923077
0 0.37932692307692306 0.25961538461538464 0.011057692307692308 0.01201923076923077
0 0.28846153846153844 0.6860576923076923 0.011057692307692308 0.013461538461538462
0 0.7711538461538462 0.49615384615384617 0.0057692307692307696 0.00625
0 0.11826923076923077 0.25240384615384615 0.010576923076923078 0.011057692307692308
0 0.09567307692307692 0.7110576923076923 0.010576923076923078 0.01201923076923077
0 0.2076923076923077 0.6240384615384615 0.010096153846153847 0.010096153846153847
0 0.5995192307692307 0.6225961538461539 0.009615384615384616 0.011057692307692308
0 0.03221153846153846 0.7456730769230769 0.010576923076923078 0.012980769230769231
0 0.16778846153846153 0.6807692307692308 0.01201923076923077 0.01201923076923077
0 0.20625 0.729326923076923 0.012980769230769231 0.013461538461538462
0 0.4033653846153846 0.16923076923076924 0.0125 0.01201923076923077
0 0.05144230769230769 0.5269230769230769 0.01201923076923077 0.01201923076923077
0 0.4879807692307692 0.5019230769230769 0.012980769230769231 0.0125
0 0.007211538461538462 0.2514423076923077 0.0125 0.012980769230769231
0 0.11875 0.7149038461538462 0.011538461538461539 0.01201923076923077
0 0.01201923076923077 0.6009615384615384 0.010096153846153847 0.010576923076923078
0 0.13509615384615384 0.8072115384615385 0.014423076923076924 0.013942307692307693
0 0.43317307692307694 0.8153846153846154 0.0057692307692307696 0.00625
0 0.3038461538461538 0.5846153846153846 0.010096153846153847 0.010576923076923078
0 0.09567307692307692 0.6605769230769231 0.0125 0.0125
0 0.26490384615384616 0.6615384615384615 0.009134615384615385 0.010576923076923078
0 0.5413461538461538 0.21490384615384617 0.010576923076923078 0.012980769230769231
0 0.29423076923076924 0.7615384615384615 0.010576923076923078 0.010096153846153847
0 0.3408653846153846 0.8264423076923076 0.004807692307692308 0.005288461538461539
0 0.24326923076923077 0.6798076923076923 0.012980769230769231 0.012980769230769231
0 0.4879807692307692 0.6086538461538461 0.010096153846153847 0.011538461538461539
0 0.31826923076923075 0.8274038461538461 0.011057692307692308 0.012980769230769231
0 0.4485576923076923 0.6557692307692308 0.014903846153846155 0.013942307692307693
0 0.21682692307692308 0.6841346153846154 0.022115384615384617 0.022596153846153846
0 0.4269230769230769 0.7990384615384616 0.022115384615384617 0.022115384615384617
