0 0.13076923076923078 0.7014423076923076 0.0125 0.01201923076923077
0 0.09519230769230769 0.6274038461538461 0.010576923076923078 0.010576923076923078
0 0.23125 0.17115384615384616 0.011538461538461539 0.01201923076923077
0 0.5033653846153846 0.047596153846153844 0.0125 0.013461538461538462
0 0.43365384615384617 0.06971153846153846 0.012980769230769231 0.01201923076923077
0 0.48846153846153845 0.11009615384615384 0.011057692307692308 0.01201923076923077
0 0.4125 0.41875 0.012980769230769231 0.0125
0 0.6120192307692308 0.13798076923076924 0.013942307692307693 0.012980769230769231
0 0.7115384615384616 0.6504807692307693 0.010576923076923078 0.010096153846153847
0 0.5557692307692308 0.27163461538461536 0.011538461538461539 0.01201923076923077
0 0.6855769230769231 0.20961538461538462 0.011538461538461539 0.011538461538461539
0 0.3956730769230769 0.6850961538461539 0.01201923076923077 0.0125
0 0.3716346153846154 0.17115384615384616 0.011538461538461539 0.012980769230769231
0 0.5307692307692308 0.17115384615384616 0.0125 0.013942307692307693
0 0.708173076923077 0.02451923076923077 0.013461538461538462 0.01201923076923077
0 0.30625 0.1264423076923077 0.0125 0.0125
0 0.49615384615384617 0.4043269230769231 0.0125 0.013942307692307693
0 0.6519230769230769 0.5860576923076923 0.013942307692307693 0.012980769230769231
0 0.7100961538461539 0.20865384615384616 0.01201923076923077 0.012980769230769231
0 0.5798076923076924 0.15528846153846154 0.013942307692307693 0.012980769230769231
0 0.5774038461538461 0.5947115384615385 0.013461538461538462 0.0125
0 0.5331730769230769 0.5230769230769231 0.014423076923076924 0.013461538461538462
0 0.43701923076923077 0.5269230769230769 0.015865384615384615 0.015865384615384615
0 0.5485576923076924 0.23125 0.014903846153846155 0.013461538461538462
0 0.5024038461538461 0.5932692307692308 0.015384615384615385 0.014423076923076924
0 0.13028846153846155 0.37067307692307694 0.021153846153846155 0.021153846153846155
