0 0.07019230769230769 0.7408653846153846 0.01875 0.017788461538461538
0 0.23413461538461539 0.2793269230769231 0.017788461538461538 0.016826923076923076
0 0.6350961538461538 0.1360576923076923 0.016346153846153847 0.016346153846153847
0 0.40721153846153846 0.07067307692307692 0.016826923076923076 0.01730769230769231
0 0.7879807692307692 0.08173076923076923 0.016346153846153847 0.017788461538461538
0 0.2903846153846154 0.22355769230769232 0.015865384615384615 0.016346153846153847
0 0.8961538461538462 0.015865384615384615 0.01730769230769231 0.016346153846153847
0 0.24086538461538462 0.17115384615384616 0.017788461538461538 0.01730769230769231
0 0.8096153846153846 0.3264423076923077 0.016826923076923076 0.016346153846153847
0 0.34375 0.4235576923076923 0.01730769230769231 0.017788461538461538
0 0.6798076923076923 0.2971153846153846 0.015865384615384615 0.016346153846153847
0 0.3057692307692308 0.6519230769230769 0.016346153846153847 0.015384615384615385
0 0.08701923076923077 0.30528846153846156 0.015384615384615385 0.016346153846153847
0 0.5490384615384616 0.6149038461538462 0.015865384615384615 0.017788461538461538
0 0.2125 0.03076923076923077 0.017788461538461538 0.01826923076923077
0 0.25 0.7014423076923076 0.015384615384615385 0.017788461538461538
0 0.3096153846153846 0.05961538461538462 0.016346153846153847 0.015865384615384615
0 0.04567307692307692 0.07451923076923077 0.014903846153846155 0.016346153846153847
0 0.47692307692307695 0.2846153846153846 0.019230769230769232 0.020192307692307693
0 0.9182692307692307 0.08509615384615385 0.015865384615384615 0.016826923076923076
0 0.33125 0.06682692307692308 0.01730769230769231 0.019230769230769232
0 0.3903846153846154 0.17932692307692308 0.01730769230769231 0.01730769230769231
0 0.8163461538461538 0.5009615384615385 0.015384615384615385 0.015865384615384615
0 0.8625 0.04423076923076923 0.015865384615384615 0.015865384615384615
0 0.05480769230769231 0.4966346153846154 0.015865384615384615 0.017788461538461538
0 0.2673076923076923 0.07067307692307692 0.016346153846153847 0.014903846153846155
0 0.17884615384615385 0.27548076923076925 0.01730769230769231 0.020192307692307693
0 0.3158653846153846 0.06586538461538462 0.008653846153846154 0.011538461538461539
0 0.3245192307692308 0.061057692307692306 0.010576923076923078 0.013461538461538462
