0 0.20048076923076924 0.03365384615384615 0.014903846153846155 0.014903846153846155
0 0.11009615384615384 0.5615384615384615 0.015865384615384615 0.015865384615384615
0 0.24711538461538463 0.015865384615384615 0.014903846153846155 0.015384615384615385
0 0.2533653846153846 0.6115384615384616 0.014903846153846155 0.015384615384615385
0 0.33605769230769234 0.03653846153846154 0.012980769230769231 0.013461538461538462
0 0.39471153846153845 0.10480769230769231 0.012980769230769231 0.012980769230769231
0 0.42115384615384616 0.6870192307692308 0.014903846153846155 0.014903846153846155
0 0.0985576923076923 0.20721153846153847 0.013942307692307693 0.014423076923076924
0 0.18846153846153846 0.6173076923076923 0.014423076923076924 0.014423076923076924
0 0.23557692307692307 0.5798076923076924 0.014423076923076924 0.014903846153846155
0 0.33653846153846156 0.31634615384615383 0.014423076923076924 0.014903846153846155
0 0.5927884615384615 0.5264423076923077 0.017788461538461538 0.016826923076923076
0 0.13653846153846153 0.5293269230769231 0.015865384615384615 0.015865384615384615
0 0.45096153846153847 0.5403846153846154 0.015384615384615385 0.015865384615384615
0 0.03990384615384615 0.6735576923076924 0.016346153846153847 0.015865384615384615
0 0.5067307692307692 0.1889423076923077 0.014423076923076924 0.014423076923076924
0 0.2956730769230769 0.02403846153846154 0.013942307692307693 0.014423076923076924
0 0.055288461538461536 0.19278846153846155 0.01875 0.01730769230769231
0 0.5735576923076923 0.5923076923076923 0.013942307692307693 0.016346153846153847
