0 0.6475961538461539 0.21971153846153846 0.014903846153846155 0.013942307692307693
0 0.16201923076923078 0.08509615384615385 0.012980769230769231 0.013461538461538462
0 0.21153846153846154 0.2153846153846154 0.012980769230769231 0.013461538461538462
0 0.7043269230769231 0.09807692307692308 0.012980769230769231 0.0125
0 0.5850961538461539 0.30673076923076925 0.012980769230769231 0.014423076923076924
0 0.25721153846153844 0.5923076923076923 0.010096153846153847 0.010096153846153847
0 0.47836538461538464 0.37740384615384615 0.013942307692307693 0.014423076923076924
0 0.6649038461538461 0.8307692307692308 0.009615384615384616 0.009615384615384616
0 0.6971153846153846 0.18701923076923077 0.013461538461538462 0.012980769230769231
0 0.49278846153846156 0.5846153846153846 0.014903846153846155 0.013461538461538462
0 0.1326923076923077 0.3014423076923077 0.013942307692307693 0.013461538461538462
0 0.5615384615384615 0.8158653846153846 0.0125 0.012980769230769231
0 0.03413461538461538 0.635576923076923 0.011538461538461539 0.011538461538461539
0 0.6860576923076923 0.5 0.014423076923076924 0.013942307692307693
0 0.07740384615384616 0.6081730769230769 0.013461538461538462 0.0125
0 0.07740384615384616 0.11298076923076923 0.0125 0.0125
0 0.15432692307692308 0.009134615384615385 0.013461538461538462 0.014903846153846155
0 0.028846153846153848 0.01201923076923077 0.008653846153846154 0.011538461538461539
0 0.583173076923077 0.8163461538461538 0.0125 0.013461538461538462
