0 0.9201923076923076 0.5038461538461538 0.009615384615384616 0.010096153846153847
0 0.45625 0.6649038461538461 0.010096153846153847 0.010096153846153847
0 0.39903846153846156 0.9240384615384616 0.009134615384615385 0.009615384615384616
0 0.4355769230769231 0.6504807692307693 0.009615384615384616 0.010096153846153847
0 0.5557692307692308 0.125 0.009615384615384616 0.010576923076923078
0 0.4394230769230769 0.6298076923076923 0.010576923076923078 0.010576923076923078
0 0.6956730769230769 0.4125 0.008173076923076924 0.008653846153846154
0 0.8038461538461539 0.8278846153846153 0.009134615384615385 0.009615384615384616
0 0.6451923076923077 0.7134615384615385 0.008173076923076924 0.009134615384615385
0 0.7336538461538461 0.9451923076923077 0.009134615384615385 0.009134615384615385
0 0.520673076923077 0.760576923076923 0.011538461538461539 0.012980769230769231
0 0.8350961538461539 0.7894230769230769 0.008653846153846154 0.009615384615384616
0 0.5653846153846154 0.5822115384615385 0.011057692307692308 0.011538461538461539
0 0.7274038461538461 0.8649038461538462 0.01201923076923077 0.0125
0 0.6461538461538462 0.9355769230769231 0.009134615384615385 0.009615384615384616
0 0.3456730769230769 0.8884615384615384 0.011057692307692308 0.0125
0 0.41634615384615387 0.5379807692307692 0.009615384615384616 0.010096153846153847
0 0.6860576923076923 0.2841346153846154 0.011057692307692308 0.011057692307692308
0 0.7504807692307692 0.9346153846153846 0.012980769230769231 0.0125
