0 0.5259615384615385 0.1451923076923077 0.014423076923076924 0.014423076923076924
0 0.4355769230769231 0.052403846153846155 0.013461538461538462 0.014423076923076924
0 0.46634615384615385 0.5826923076923077 0.0125 0.012980769230769231
0 0.31826923076923075 0.7908653846153846 0.01201923076923077 0.01201923076923077
0 0.7701923076923077 0.6783653846153846 0.01201923076923077 0.0125
0 0.40721153846153846 0.2951923076923077 0.012980769230769231 0.014423076923076924
0 0.5913461538461539 0.3697115384615385 0.01201923076923077 0.01201923076923077
0 0.2831730769230769 0.8740384615384615 0.01201923076923077 0.0125
0 0.6067307692307692 0.2173076923076923 0.010576923076923078 0.011538461538461539
0 0.6442307692307693 0.06057692307692308 0.012980769230769231 0.013461538461538462
0 0.03076923076923077 0.7278846153846154 0.011538461538461539 0.011538461538461539
0 0.34951923076923075 0.4 0.01201923076923077 0.01201923076923077
0 0.6307692307692307 0.5548076923076923 0.01201923076923077 0.0125
0 0.8081730769230769 0.009615384615384616 0.011057692307692308 0.01201923076923077
0 0.29086538461538464 0.3663461538461538 0.01201923076923077 0.01201923076923077
0 0.5923076923076923 0.37884615384615383 0.01201923076923077 0.012980769230769231
0 0.6091346153846153 0.22596153846153846 0.010096153846153847 0.0125
