0 0.6360576923076923 0.6235576923076923 0.014903846153846155 0.014903846153846155
0 0.635576923076923 0.698076923076923 0.014903846153846155 0.014423076923076924
0 0.3956730769230769 0.028846153846153848 0.013461538461538462 0.014423076923076924
0 0.38125 0.7197115384615385 0.01730769230769231 0.019230769230769232
0 0.13509615384615384 0.48653846153846153 0.0125 0.0125
0 0.5817307692307693 0.31490384615384615 0.014423076923076924 0.014423076923076924
0 0.29134615384615387 0.4466346153846154 0.015384615384615385 0.014903846153846155
0 0.5399038461538461 0.6086538461538461 0.012980769230769231 0.013461538461538462
0 0.6293269230769231 0.36009615384615384 0.014423076923076924 0.015384615384615385
0 0.5341346153846154 0.22740384615384615 0.0125 0.012980769230769231
0 0.4807692307692308 0.3485576923076923 0.014423076923076924 0.013942307692307693
0 0.5754807692307692 0.5009615384615385 0.015384615384615385 0.016346153846153847
0 0.4125 0.19471153846153846 0.014423076923076924 0.013942307692307693
0 0.6293269230769231 0.7274038461538461 0.014903846153846155 0.014903846153846155
0 0.5735576923076923 0.4798076923076923 0.01201923076923077 0.0125
0 0.07019230769230769 0.6394230769230769 0.015384615384615385 0.014903846153846155
0 0.4860576923076923 0.17403846153846153 0.014423076923076924 0.014423076923076924
0 0.6153846153846154 0.5245192307692308 0.014903846153846155 0.014423076923076924
0 0.4495192307692308 0.6413461538461539 0.017788461538461538 0.016346153846153847
0 0.5043269230769231 0.17932692307692308 0.013461538461538462 0.013942307692307693
0 0.6009615384615384 0.36730769230769234 0.014903846153846155 0.014903846153846155
0 0.36490384615384613 0.2971153846153846 0.0125 0.012980769230769231
0 0.5567307692307693 0.28557692307692306 0.014423076923076924 0.013942307692307693
0 0.4985576923076923 0.24182692307692308 0.012980769230769231 0.0125
0 0.5081730769230769 0.2653846153846154 0.01875 0.01875
0 0.46105769230769234 0.48701923076923076 0.01875 0.01875
0 0.3466346153846154 0.7389423076923077 0.01875 0.01875
