0 0.0375 0.11875 0.011057692307692308 0.019230769230769232
0 0.30625 0.39807692307692305 0.0125 0.014423076923076924
0 0.7649038461538461 0.09230769230769231 0.013942307692307693 0.014423076923076924
0 0.23221153846153847 0.6177884615384616 0.013942307692307693 0.012980769230769231
0 0.3192307692307692 0.10144230769230769 0.013461538461538462 0.013461538461538462
0 0.19134615384615383 0.29759615384615384 0.013461538461538462 0.013942307692307693
0 0.2264423076923077 0.18653846153846154 0.0125 0.013461538461538462
0 0.17596153846153847 0.38269230769230766 0.009615384615384616 0.011538461538461539
0 0.008173076923076924 0.22259615384615383 0.010576923076923078 0.008173076923076924
0 0.0985576923076923 0.24134615384615385 0.011538461538461539 0.01875
0 0.61875 0.12259615384615384 0.009134615384615385 0.011538461538461539
0 0.2221153846153846 0.22548076923076923 0.010096153846153847 0.014423076923076924
0 0.3298076923076923 0.23942307692307693 0.013461538461538462 0.013461538461538462
0 0.5826923076923077 0.2725961538461538 0.012980769230769231 0.014423076923076924
0 0.6971153846153846 0.2548076923076923 0.010576923076923078 0.0125
0 0.5076923076923077 0.19278846153846155 0.012980769230769231 0.012980769230769231
0 0.5591346153846154 0.27115384615384613 0.0125 0.012980769230769231
0 0.3033653846153846 0.27355769230769234 0.015384615384615385 0.013942307692307693
