0 0.46634615384615385 0.10192307692307692 0.011538461538461539 0.01201923076923077
0 0.5475961538461539 0.08028846153846154 0.011057692307692308 0.010576923076923078
0 0.032692307692307694 0.23125 0.010576923076923078 0.011057692307692308
0 0.26346153846153847 0.26826923076923076 0.012980769230769231 0.011538461538461539
0 0.25576923076923075 0.06971153846153846 0.010576923076923078 0.011538461538461539
0 0.5278846153846154 0.2283653846153846 0.012980769230769231 0.013461538461538462
0 0.7942307692307692 0.5 0.010576923076923078 0.011538461538461539
0 0.026923076923076925 0.4778846153846154 0.009615384615384616 0.011538461538461539
0 0.22548076923076923 0.009134615384615385 0.0125 0.0125
0 0.33653846153846156 0.19423076923076923 0.01201923076923077 0.01201923076923077
0 0.3403846153846154 0.026923076923076925 0.010096153846153847 0.01201923076923077
0 0.14278846153846153 0.6028846153846154 0.009134615384615385 0.009615384615384616
0 0.5903846153846154 0.09711538461538462 0.00625 0.006730769230769231
0 0.7913461538461538 0.5538461538461539 0.010576923076923078 0.0125
0 0.05961538461538462 0.08028846153846154 0.0057692307692307696 0.00625
0 0.68125 0.3192307692307692 0.010096153846153847 0.010576923076923078
0 0.5615384615384615 0.4264423076923077 0.007692307692307693 0.008173076923076924
0 0.21009615384615385 0.4168269230769231 0.011057692307692308 0.011057692307692308
0 0.7629807692307692 0.17932692307692308 0.0125 0.012980769230769231
0 0.3841346153846154 0.4033653846153846 0.007211538461538462 0.0057692307692307696
0 0.40048076923076925 0.05096153846153846 0.013461538461538462 0.012980769230769231
0 0.009134615384615385 0.5086538461538461 0.011057692307692308 0.01201923076923077
0 0.5663461538461538 0.4307692307692308 0.005288461538461539 0.00625
