0 0.44903846153846155 0.2625 0.01201923076923077 0.011538461538461539
0 0.3730769230769231 0.7408653846153846 0.011057692307692308 0.01201923076923077
0 0.5293269230769231 0.49567307692307694 0.010576923076923078 0.0125
0 0.5576923076923077 0.20961538461538462 0.012980769230769231 0.011538461538461539
0 0.3456730769230769 0.4423076923076923 0.010096153846153847 0.011057692307692308
0 0.4826923076923077 0.16346153846153846 0.013461538461538462 0.011538461538461539
0 0.4288461538461538 0.32403846153846155 0.0057692307692307696 0.006730769230769231
0 0.35721153846153847 0.24951923076923077 0.012980769230769231 0.01201923076923077
0 0.3331730769230769 0.23461538461538461 0.011057692307692308 0.010576923076923078
0 0.4288461538461538 0.31346153846153846 0.013461538461538462 0.013461538461538462
0 0.43125 0.3072115384615385 0.019230769230769232 0.019230769230769232
0 0.5129807692307692 0.3423076923076923 0.019230769230769232 0.019230769230769232
0 0.5269230769230769 0.33653846153846156 0.019230769230769232 0.019230769230769232
