0 0.5509615384615385 0.28846153846153844 0.01201923076923077 0.012980769230769231
0 0.3581730769230769 0.5336538461538461 0.013461538461538462 0.013461538461538462
0 0.7096153846153846 0.5841346153846154 0.012980769230769231 0.01730769230769231
0 0.7475961538461539 0.026442307692307692 0.013942307692307693 0.014423076923076924
0 0.39375 0.08798076923076924 0.014423076923076924 0.013942307692307693
0 0.011538461538461539 0.3716346153846154 0.011057692307692308 0.011057692307692308
0 0.5548076923076923 0.012980769230769231 0.010576923076923078 0.014903846153846155
0 0.5158653846153847 0.5798076923076924 0.008653846153846154 0.012980769230769231
0 0.11201923076923077 0.10384615384615385 0.009134615384615385 0.010576923076923078
0 0.8466346153846154 0.04230769230769231 0.009134615384615385 0.01201923076923077
0 0.47644230769230766 0.6125 0.009134615384615385 0.013942307692307693
0 0.22115384615384615 0.15096153846153845 0.0125 0.013461538461538462
0 0.8158653846153846 0.5355769230769231 0.009134615384615385 0.01201923076923077
0 0.7283653846153846 0.5677884615384615 0.020673076923076922 0.020673076923076922
