0 0.3730769230769231 0.23076923076923078 0.013942307692307693 0.014423076923076924
0 0.4442307692307692 0.6889423076923077 0.014423076923076924 0.014903846153846155
0 0.41778846153846155 0.5192307692307693 0.012980769230769231 0.013461538461538462
0 0.4740384615384615 0.7139423076923077 0.013942307692307693 0.013942307692307693
0 0.36730769230769234 0.7331730769230769 0.013942307692307693 0.014903846153846155
0 0.3331730769230769 0.09519230769230769 0.014423076923076924 0.015384615384615385
0 0.6163461538461539 0.4048076923076923 0.013942307692307693 0.014423076923076924
0 0.33221153846153845 0.4389423076923077 0.013942307692307693 0.014423076923076924
0 0.6721153846153847 0.08365384615384615 0.014423076923076924 0.014903846153846155
0 0.666826923076923 0.2875 0.013942307692307693 0.014423076923076924
0 0.21875 0.1360576923076923 0.012980769230769231 0.013942307692307693
0 0.2620192307692308 0.49951923076923077 0.013942307692307693 0.014903846153846155
0 0.2831730769230769 0.46153846153846156 0.013942307692307693 0.014423076923076924
0 0.11057692307692307 0.2673076923076923 0.013461538461538462 0.013942307692307693
0 0.7317307692307692 0.24278846153846154 0.014423076923076924 0.01730769230769231
0 0.7769230769230769 0.4879807692307692 0.014903846153846155 0.015384615384615385
0 0.20576923076923076 0.28942307692307695 0.012980769230769231 0.013942307692307693
0 0.5504807692307693 0.2951923076923077 0.014423076923076924 0.014903846153846155
0 0.24326923076923077 0.8 0.013942307692307693 0.013942307692307693
0 0.7538461538461538 0.18221153846153845 0.013942307692307693 0.014903846153846155
0 0.46826923076923077 0.510576923076923 0.014423076923076924 0.015865384615384615
0 0.16923076923076924 0.6807692307692308 0.014423076923076924 0.015865384615384615
0 0.11009615384615384 0.8235576923076923 0.015384615384615385 0.015384615384615385
0 0.5875 0.37115384615384617 0.013461538461538462 0.013942307692307693
0 0.18173076923076922 0.3610576923076923 0.013942307692307693 0.014423076923076924
0 0.10096153846153846 0.5346153846153846 0.013461538461538462 0.013942307692307693
0 0.6802884615384616 0.3471153846153846 0.013461538461538462 0.013942307692307693
0 0.7375 0.8235576923076923 0.014423076923076924 0.014423076923076924
0 0.40673076923076923 0.7692307692307693 0.013942307692307693 0.014903846153846155
0 0.16826923076923078 0.7182692307692308 0.012980769230769231 0.013461538461538462
0 0.6475961538461539 0.13509615384615384 0.013942307692307693 0.013461538461538462
0 0.23317307692307693 0.5331730769230769 0.014423076923076924 0.013942307692307693
0 0.09471153846153846 0.7860576923076923 0.015865384615384615 0.016346153846153847
0 0.6360576923076923 0.7774038461538462 0.013461538461538462 0.014423076923076924
0 0.7182692307692308 0.7504807692307692 0.013461538461538462 0.013461538461538462
0 0.4028846153846154 0.19807692307692307 0.014423076923076924 0.014903846153846155
0 0.11298076923076923 0.13413461538461538 0.012980769230769231 0.013461538461538462
0 0.4495192307692308 0.8105769230769231 0.012980769230769231 0.013461538461538462
0 0.7923076923076923 0.46153846153846156 0.013942307692307693 0.013461538461538462
0 0.10865384615384616 0.20432692307692307 0.011057692307692308 0.011538461538461539
0 0.6485576923076923 0.7028846153846153 0.013942307692307693 0.014423076923076924
0 0.26153846153846155 0.34759615384615383 0.012980769230769231 0.013942307692307693
0 0.6466346153846154 0.7533653846153846 0.014423076923076924 0.015865384615384615
0 0.6538461538461539 0.5495192307692308 0.014423076923076924 0.013942307692307693
0 0.25769230769230766 0.4389423076923077 0.012980769230769231 0.013461538461538462
0 0.7759615384615385 0.7019230769230769 0.012980769230769231 0.013461538461538462
0 0.3317307692307692 0.4932692307692308 0.016346153846153847 0.016826923076923076
0 0.19134615384615383 0.2 0.015384615384615385 0.015384615384615385
0 0.65 0.4740384615384615 0.013942307692307693 0.014423076923076924
0 0.275 0.20432692307692307 0.020192307692307693 0.020673076923076922
0 0.6418269230769231 0.24615384615384617 0.020673076923076922 0.020673076923076922
0 0.3384615384615385 0.3971153846153846 0.020673076923076922 0.020673076923076922
0 0.2125 0.5509615384615385 0.020192307692307693 0.020673076923076922
0 0.4230769230769231 0.47307692307692306 0.020673076923076922 0.020673076923076922
0 0.7475961538461539 0.5259615384615385 0.020673076923076922 0.020673076923076922
0 0.3192307692307692 0.6576923076923077 0.020673076923076922 0.020673076923076922
0 0.2533653846153846 0.6817307692307693 0.020673076923076922 0.020673076923076922
0 0.5807692307692308 0.8254807692307692 0.020673076923076922 0.020673076923076922
0 0.5913461538461539 0.8067307692307693 0.020673076923076922 0.020673076923076922
0 0.7735576923076923 0.79375 0.020673076923076922 0.020673076923076922
