0 0.8072115384615385 0.7740384615384616 0.014903846153846155 0.014903846153846155
0 0.9028846153846154 0.40192307692307694 0.01201923076923077 0.0125
0 0.4533653846153846 0.37451923076923077 0.01201923076923077 0.01201923076923077
0 0.6543269230769231 0.44711538461538464 0.010576923076923078 0.011057692307692308
0 0.5995192307692307 0.7019230769230769 0.012980769230769231 0.013942307692307693
0 0.6908653846153846 0.23413461538461539 0.014903846153846155 0.015865384615384615
0 0.3177884615384615 0.5870192307692308 0.0125 0.012980769230769231
0 0.9134615384615384 0.9134615384615384 0.0125 0.0125
0 0.6403846153846153 0.37548076923076923 0.013461538461538462 0.012980769230769231
0 0.7620192307692307 0.9120192307692307 0.013461538461538462 0.013942307692307693
0 0.5658653846153846 0.1673076923076923 0.014903846153846155 0.014903846153846155
0 0.7451923076923077 0.8836538461538461 0.013942307692307693 0.013461538461538462
0 0.8009615384615385 0.8836538461538461 0.01201923076923077 0.0125
0 0.8668269230769231 0.8533653846153846 0.011538461538461539 0.01201923076923077
0 0.6879807692307692 0.27307692307692305 0.012980769230769231 0.013461538461538462
0 0.5413461538461538 0.8216346153846154 0.013942307692307693 0.013461538461538462
0 0.7283653846153846 0.8927884615384616 0.011538461538461539 0.011538461538461539
0 0.7322115384615384 0.9125 0.013461538461538462 0.013942307692307693
0 0.8711538461538462 0.9019230769230769 0.014423076923076924 0.014423076923076924
