0 0.5129807692307692 0.8370192307692308 0.014423076923076924 0.014903846153846155
0 0.20817307692307693 0.2403846153846154 0.014903846153846155 0.015384615384615385
0 0.5879807692307693 0.3014423076923077 0.013461538461538462 0.013461538461538462
0 0.5961538461538461 0.39134615384615384 0.014903846153846155 0.015865384615384615
0 0.3110576923076923 0.27355769230769234 0.013461538461538462 0.013461538461538462
0 0.38509615384615387 0.4567307692307692 0.013942307692307693 0.013942307692307693
0 0.07740384615384616 0.2466346153846154 0.013942307692307693 0.014423076923076924
0 0.5149038461538461 0.26490384615384616 0.013461538461538462 0.014423076923076924
0 0.38461538461538464 0.3346153846153846 0.016826923076923076 0.021153846153846155
0 0.3173076923076923 0.13028846153846155 0.012980769230769231 0.012980769230769231
0 0.2625 0.2653846153846154 0.013461538461538462 0.012980769230769231
0 0.4408653846153846 0.21586538461538463 0.020673076923076922 0.020673076923076922
0 0.10480769230769231 0.5360576923076923 0.020673076923076922 0.020673076923076922
