0 0.5471153846153847 0.4423076923076923 0.012980769230769231 0.013942307692307693
0 0.02980769230769231 0.4403846153846154 0.011057692307692308 0.011538461538461539
0 0.42596153846153845 0.20240384615384616 0.01201923076923077 0.012980769230769231
0 0.6591346153846154 0.6504807692307693 0.011057692307692308 0.011538461538461539
0 0.15913461538461537 0.5735576923076923 0.011538461538461539 0.012980769230769231
0 0.4740384615384615 0.5326923076923077 0.011057692307692308 0.010576923076923078
0 0.6850961538461539 0.6798076923076923 0.012980769230769231 0.012980769230769231
0 0.34951923076923075 0.34951923076923075 0.011538461538461539 0.0125
0 0.14567307692307693 0.20240384615384616 0.01201923076923077 0.01201923076923077
0 0.6173076923076923 0.6788461538461539 0.01201923076923077 0.01201923076923077
0 0.5379807692307692 0.18798076923076923 0.011538461538461539 0.012980769230769231
0 0.7879807692307692 0.3971153846153846 0.011538461538461539 0.0125
0 0.5725961538461538 0.6620192307692307 0.01201923076923077 0.012980769230769231
0 0.09423076923076923 0.70625 0.010096153846153847 0.011057692307692308
0 0.1548076923076923 0.4403846153846154 0.01201923076923077 0.013461538461538462
0 0.6798076923076923 0.08269230769230769 0.01201923076923077 0.0125
0 0.11875 0.4129807692307692 0.011538461538461539 0.01201923076923077
0 0.375 0.3528846153846154 0.011538461538461539 0.0125
0 0.44375 0.2778846153846154 0.011538461538461539 0.0125
0 0.48173076923076924 0.6317307692307692 0.011538461538461539 0.013461538461538462
0 0.6524038461538462 0.525 0.011538461538461539 0.0125
0 0.8365384615384616 0.2091346153846154 0.01201923076923077 0.01201923076923077
0 0.4149038461538462 0.2759615384615385 0.01201923076923077 0.014903846153846155
0 0.8100961538461539 0.06875 0.0125 0.013461538461538462
0 0.8163461538461538 0.09807692307692308 0.01201923076923077 0.0125
0 0.425 0.5100961538461538 0.01201923076923077 0.01201923076923077
0 0.46442307692307694 0.028365384615384615 0.013461538461538462 0.012980769230769231
0 0.3802884615384615 0.7350961538461539 0.01201923076923077 0.01201923076923077
0 0.520673076923077 0.5067307692307692 0.01201923076923077 0.011538461538461539
0 0.42980769230769234 0.12596153846153846 0.01201923076923077 0.011538461538461539
0 0.635576923076923 0.275 0.01201923076923077 0.0125
0 0.46057692307692305 0.3177884615384615 0.011538461538461539 0.011538461538461539
0 0.07740384615384616 0.7225961538461538 0.012980769230769231 0.01201923076923077
0 0.12403846153846154 0.7432692307692308 0.014903846153846155 0.012980769230769231
0 0.2144230769230769 0.36923076923076925 0.011057692307692308 0.011057692307692308
0 0.5788461538461539 0.5408653846153846 0.012980769230769231 0.013461538461538462
0 0.1423076923076923 0.4221153846153846 0.01201923076923077 0.0125
0 0.2201923076923077 0.5081730769230769 0.01201923076923077 0.01201923076923077
0 0.7110576923076923 0.2533653846153846 0.01201923076923077 0.013461538461538462
0 0.4206730769230769 0.61875 0.011057692307692308 0.0125
0 0.8057692307692308 0.6932692307692307 0.011538461538461539 0.011538461538461539
0 0.32596153846153847 0.21875 0.011538461538461539 0.0125
0 0.5413461538461538 0.019230769230769232 0.011538461538461539 0.0125
0 0.28028846153846154 0.3730769230769231 0.011538461538461539 0.010576923076923078
0 0.6163461538461539 0.48028846153846155 0.0125 0.013942307692307693
0 0.4091346153846154 0.4168269230769231 0.010576923076923078 0.011057692307692308
0 0.3610576923076923 0.06394230769230769 0.011538461538461539 0.011057692307692308
0 0.7427884615384616 0.25432692307692306 0.013461538461538462 0.013461538461538462
0 0.6923076923076923 0.05673076923076923 0.011538461538461539 0.01201923076923077
0 0.44567307692307695 0.5826923076923077 0.011538461538461539 0.0125
0 0.3644230769230769 0.5528846153846154 0.011538461538461539 0.012980769230769231
0 0.3625 0.28557692307692306 0.01201923076923077 0.012980769230769231
0 0.7451923076923077 0.01971153846153846 0.011538461538461539 0.01201923076923077
0 0.6836538461538462 0.7144230769230769 0.01201923076923077 0.012980769230769231
0 0.7850961538461538 0.64375 0.01201923076923077 0.011538461538461539
0 0.8139423076923077 0.5649038461538461 0.01201923076923077 0.0125
0 0.7432692307692308 0.4423076923076923 0.011057692307692308 0.011538461538461539
0 0.8283653846153847 0.5461538461538461 0.011538461538461539 0.0125
0 0.3975961538461538 0.5745192307692307 0.009615384615384616 0.010096153846153847
0 0.49951923076923077 0.1125 0.011057692307692308 0.011057692307692308
0 0.3139423076923077 0.4081730769230769 0.011538461538461539 0.013942307692307693
0 0.21586538461538463 0.5139423076923076 0.012980769230769231 0.012980769230769231
0 0.6677884615384615 0.41346153846153844 0.011057692307692308 0.0125
0 0.8427884615384615 0.37451923076923077 0.012980769230769231 0.013942307692307693
0 0.37932692307692306 0.37884615384615383 0.01201923076923077 0.013461538461538462
0 0.6274038461538461 0.45865384615384613 0.016346153846153847 0.015865384615384615
0 0.37884615384615383 0.025 0.0125 0.013461538461538462
0 0.35336538461538464 0.5091346153846154 0.0125 0.0125
0 0.1519230769230769 0.3817307692307692 0.011057692307692308 0.01201923076923077
0 0.7201923076923077 0.03317307692307692 0.01201923076923077 0.0125
0 0.35721153846153847 0.3870192307692308 0.011538461538461539 0.01201923076923077
0 0.5923076923076923 0.1125 0.011057692307692308 0.010576923076923078
0 0.19326923076923078 0.3730769230769231 0.011538461538461539 0.011538461538461539
0 0.5697115384615384 0.4913461538461538 0.011057692307692308 0.011538461538461539
0 0.6413461538461539 0.3177884615384615 0.011057692307692308 0.01201923076923077
0 0.3995192307692308 0.25961538461538464 0.0125 0.0125
0 0.4966346153846154 0.49951923076923077 0.009615384615384616 0.010576923076923078
0 0.5024038461538461 0.49567307692307694 0.011538461538461539 0.011057692307692308
0 0.48846153846153845 0.4985576923076923 0.011538461538461539 0.011538461538461539
0 0.5524038461538462 0.33798076923076925 0.01201923076923077 0.012980769230769231
0 0.59375 0.44903846153846155 0.01201923076923077 0.01201923076923077
0 0.3504807692307692 0.1971153846153846 0.01201923076923077 0.013461538461538462
0 0.5370192307692307 0.3283653846153846 0.01201923076923077 0.01201923076923077
0 0.7711538461538462 0.34951923076923075 0.011538461538461539 0.010576923076923078
0 0.5625 0.2692307692307692 0.012980769230769231 0.012980769230769231
0 0.5230769230769231 0.014903846153846155 0.011057692307692308 0.011057692307692308
0 0.10961538461538461 0.3144230769230769 0.010576923076923078 0.011538461538461539
0 0.30096153846153845 0.4 0.011057692307692308 0.010576923076923078
0 0.4879807692307692 0.44519230769230766 0.013461538461538462 0.016826923076923076
0 0.2865384615384615 0.04519230769230769 0.010576923076923078 0.011057692307692308
0 0.19903846153846153 0.4283653846153846 0.011057692307692308 0.011057692307692308
0 0.46442307692307694 0.36875 0.01201923076923077 0.0125
0 0.09038461538461538 0.7110576923076923 0.009615384615384616 0.010576923076923078
0 0.6057692307692307 0.5572115384615385 0.0125 0.012980769230769231
0 0.2552884615384615 0.4009615384615385 0.010576923076923078 0.011057692307692308
0 0.10817307692307693 0.33653846153846156 0.010096153846153847 0.011538461538461539
0 0.6259615384615385 0.23317307692307693 0.010576923076923078 0.011538461538461539
0 0.5653846153846154 0.1389423076923077 0.01201923076923077 0.011538461538461539
0 0.37884615384615383 0.44375 0.01201923076923077 0.01201923076923077
0 0.3644230769230769 0.21009615384615385 0.01201923076923077 0.013461538461538462
0 0.23125 0.3576923076923077 0.012980769230769231 0.0125
0 0.8168269230769231 0.55 0.011057692307692308 0.011057692307692308
0 0.13221153846153846 0.3230769230769231 0.01201923076923077 0.011057692307692308
0 0.5173076923076924 0.31826923076923075 0.011538461538461539 0.01201923076923077
0 0.5552884615384616 0.22451923076923078 0.011057692307692308 0.01201923076923077
0 0.36201923076923076 0.09759615384615385 0.011538461538461539 0.01201923076923077
0 0.5240384615384616 0.5129807692307692 0.011057692307692308 0.011057692307692308
0 0.6879807692307692 0.5370192307692307 0.011538461538461539 0.01201923076923077
0 0.5620192307692308 0.0764423076923077 0.010576923076923078 0.011057692307692308
0 0.32211538461538464 0.04807692307692308 0.011538461538461539 0.011538461538461539
0 0.6192307692307693 0.4221153846153846 0.011057692307692308 0.0125
0 0.6754807692307693 0.22548076923076923 0.011538461538461539 0.01201923076923077
0 0.43125 0.7370192307692308 0.01201923076923077 0.013461538461538462
0 0.5971153846153846 0.04567307692307692 0.020192307692307693 0.01971153846153846
0 0.6591346153846154 0.052403846153846155 0.01971153846153846 0.01971153846153846
0 0.49903846153846154 0.3192307692307692 0.01971153846153846 0.01971153846153846
0 0.625 0.3384615384615385 0.01971153846153846 0.01971153846153846
0 0.6038461538461538 0.4740384615384615 0.01971153846153846 0.020192307692307693
0 0.37740384615384615 0.7283653846153846 0.01971153846153846 0.01971153846153846
0 0.6139423076923077 0.7144230769230769 0.01971153846153846 0.020192307692307693
0 0.2668269230769231 0.7129807692307693 0.020192307692307693 0.01971153846153846
0 0.7557692307692307 0.5365384615384615 0.01971153846153846 0.01971153846153846
0 0.7379807692307693 0.6197115384615385 0.020192307692307693 0.01971153846153846
0 0.5807692307692308 0.6514423076923077 0.020192307692307693 0.01971153846153846
0 0.4576923076923077 0.08653846153846154 0.01971153846153846 0.020192307692307693
0 0.46298076923076925 0.15817307692307692 0.01971153846153846 0.01971153846153846
0 0.5144230769230769 0.10961538461538461 0.01971153846153846 0.01971153846153846
0 0.7269230769230769 0.7024038461538461 0.01971153846153846 0.01971153846153846
