0 0.6793269230769231 0.6673076923076923 0.015865384615384615 0.015865384615384615
0 0.3408653846153846 0.21971153846153846 0.016346153846153847 0.016826923076923076
0 0.7783653846153846 0.8341346153846154 0.01730769230769231 0.01730769230769231
0 0.7028846153846153 0.7129807692307693 0.016346153846153847 0.016826923076923076
0 0.051923076923076926 0.6903846153846154 0.014903846153846155 0.015384615384615385
0 0.4423076923076923 0.8432692307692308 0.014423076923076924 0.014903846153846155
0 0.3903846153846154 0.2298076923076923 0.013942307692307693 0.014423076923076924
0 0.55 0.8846153846153846 0.013461538461538462 0.013942307692307693
0 0.05 0.23221153846153847 0.014903846153846155 0.015865384615384615
0 0.4485576923076923 0.6629807692307692 0.013461538461538462 0.013942307692307693
0 0.5764423076923076 0.8423076923076923 0.016346153846153847 0.016826923076923076
0 0.09951923076923076 0.8173076923076923 0.013461538461538462 0.013461538461538462
0 0.3466346153846154 0.8697115384615385 0.013942307692307693 0.013942307692307693
0 0.3235576923076923 0.3177884615384615 0.014423076923076924 0.013942307692307693
0 0.20048076923076924 0.8711538461538462 0.014423076923076924 0.014423076923076924
0 0.7091346153846154 0.27163461538461536 0.013461538461538462 0.013942307692307693
0 0.6519230769230769 0.7240384615384615 0.013461538461538462 0.013461538461538462
0 0.4168269230769231 0.6288461538461538 0.014903846153846155 0.015384615384615385
0 0.4668269230769231 0.8663461538461539 0.014903846153846155 0.015384615384615385
0 0.33942307692307694 0.48509615384615384 0.013942307692307693 0.014903846153846155
0 0.5350961538461538 0.2375 0.016346153846153847 0.016346153846153847
0 0.7298076923076923 0.4341346153846154 0.0125 0.0125
0 0.41923076923076924 0.3384615384615385 0.013461538461538462 0.013461538461538462
0 0.791826923076923 0.2548076923076923 0.013942307692307693 0.014423076923076924
0 0.3629807692307692 0.8889423076923076 0.013461538461538462 0.013942307692307693
0 0.22259615384615383 0.6615384615384615 0.014903846153846155 0.015384615384615385
0 0.7125 0.51875 0.012980769230769231 0.013461538461538462
0 0.8052884615384616 0.31826923076923075 0.013461538461538462 0.013942307692307693
0 0.1293269230769231 0.7 0.015384615384615385 0.015865384615384615
0 0.09182692307692308 0.8918269230769231 0.014903846153846155 0.015384615384615385
0 0.4875 0.3192307692307692 0.013942307692307693 0.014903846153846155
0 0.2923076923076923 0.9086538461538461 0.013461538461538462 0.013942307692307693
0 0.5302884615384615 0.7144230769230769 0.015384615384615385 0.014903846153846155
0 0.1701923076923077 0.26346153846153847 0.012980769230769231 0.013942307692307693
0 0.7182692307692308 0.6346153846153846 0.013942307692307693 0.014903846153846155
0 0.6692307692307692 0.8153846153846154 0.0125 0.013461538461538462
0 0.2721153846153846 0.8807692307692307 0.013942307692307693 0.014423076923076924
0 0.13076923076923078 0.7572115384615384 0.012980769230769231 0.013942307692307693
0 0.015384615384615385 0.7879807692307692 0.012980769230769231 0.013461538461538462
0 0.34278846153846154 0.7899038461538461 0.012980769230769231 0.013942307692307693
0 0.5346153846153846 0.6153846153846154 0.012980769230769231 0.013942307692307693
0 0.5427884615384615 0.5528846153846154 0.01201923076923077 0.011538461538461539
0 0.5879807692307693 0.7322115384615384 0.013461538461538462 0.014423076923076924
