0 0.6725961538461539 0.44182692307692306 0.009615384615384616 0.010096153846153847
0 0.5052884615384615 0.7120192307692308 0.009615384615384616 0.010096153846153847
0 0.12740384615384615 0.8826923076923077 0.008653846153846154 0.009134615384615385
0 0.6504807692307693 0.39471153846153845 0.010096153846153847 0.010096153846153847
0 0.6649038461538461 0.19326923076923078 0.008173076923076924 0.008653846153846154
0 0.03076923076923077 0.5485576923076924 0.009134615384615385 0.009134615384615385
0 0.36490384615384613 0.5975961538461538 0.010096153846153847 0.010576923076923078
0 0.8423076923076923 0.8620192307692308 0.010576923076923078 0.009615384615384616
0 0.37067307692307694 0.8144230769230769 0.011057692307692308 0.011538461538461539
0 0.7360576923076924 0.3110576923076923 0.009615384615384616 0.010096153846153847
0 0.8475961538461538 0.4625 0.008173076923076924 0.009134615384615385
0 0.1985576923076923 0.8322115384615385 0.011538461538461539 0.010576923076923078
0 0.4033653846153846 0.26490384615384616 0.011057692307692308 0.011057692307692308
0 0.39471153846153845 0.1625 0.011057692307692308 0.011538461538461539
0 0.3730769230769231 0.7855769230769231 0.011538461538461539 0.01201923076923077
0 0.7932692307692307 0.15432692307692308 0.010096153846153847 0.010576923076923078
0 0.04230769230769231 0.6730769230769231 0.011057692307692308 0.01201923076923077
0 0.6663461538461538 0.75 0.010096153846153847 0.010096153846153847
0 0.08173076923076923 0.8105769230769231 0.011057692307692308 0.011538461538461539
0 0.11346153846153846 0.5947115384615385 0.021634615384615384 0.021153846153846155
