0 0.24182692307692308 0.2456730769230769 0.012980769230769231 0.013461538461538462
0 0.20576923076923076 0.3096153846153846 0.010576923076923078 0.010576923076923078
0 0.03028846153846154 0.2860576923076923 0.011057692307692308 0.011057692307692308
0 0.21009615384615385 0.24903846153846154 0.013461538461538462 0.013942307692307693
0 0.6120192307692308 0.011057692307692308 0.010576923076923078 0.011057692307692308
0 0.3605769230769231 0.09326923076923077 0.011538461538461539 0.01201923076923077
0 0.3317307692307692 0.2701923076923077 0.01201923076923077 0.01201923076923077
0 0.47836538461538464 0.31634615384615383 0.01201923076923077 0.013461538461538462
0 0.42403846153846153 0.21201923076923077 0.011057692307692308 0.011538461538461539
0 0.54375 0.6730769230769231 0.009615384615384616 0.010096153846153847
0 0.4014423076923077 0.16538461538461538 0.011538461538461539 0.0125
0 0.025 0.1548076923076923 0.011538461538461539 0.0125
0 0.47259615384615383 0.3471153846153846 0.0125 0.013461538461538462
0 0.46971153846153846 0.04807692307692308 0.012980769230769231 0.013461538461538462
0 0.7375 0.07163461538461538 0.01201923076923077 0.0125
0 0.7091346153846154 0.06201923076923077 0.012980769230769231 0.012980769230769231
0 0.0798076923076923 0.07019230769230769 0.010576923076923078 0.010576923076923078
0 0.2783653846153846 0.4913461538461538 0.01201923076923077 0.0125
0 0.4947115384615385 0.15913461538461537 0.01201923076923077 0.0125
0 0.33798076923076925 0.4485576923076923 0.011538461538461539 0.01201923076923077
0 0.1625 0.3466346153846154 0.012980769230769231 0.014423076923076924
0 0.6221153846153846 0.14903846153846154 0.010576923076923078 0.011538461538461539
0 0.06057692307692308 0.17307692307692307 0.012980769230769231 0.013942307692307693
0 0.24086538461538462 0.2706730769230769 0.0125 0.012980769230769231
0 0.2860576923076923 0.03413461538461538 0.013461538461538462 0.013461538461538462
0 0.1831730769230769 0.14423076923076922 0.0125 0.012980769230769231
0 0.08076923076923077 0.013942307692307693 0.013461538461538462 0.013942307692307693
0 0.7418269230769231 0.13317307692307692 0.010096153846153847 0.010576923076923078
0 0.1201923076923077 0.020673076923076922 0.011057692307692308 0.0125
0 0.06057692307692308 0.4427884615384615 0.01201923076923077 0.01201923076923077
0 0.7086538461538462 0.09278846153846154 0.014423076923076924 0.014423076923076924
0 0.49615384615384617 0.11538461538461539 0.0125 0.013942307692307693
0 0.7399038461538462 0.032692307692307694 0.011538461538461539 0.0125
0 0.6735576923076924 0.13653846153846153 0.0125 0.012980769230769231
0 0.051923076923076926 0.3326923076923077 0.011057692307692308 0.011057692307692308
0 0.10625 0.08365384615384615 0.0125 0.012980769230769231
0 0.5346153846153846 0.45048076923076924 0.011057692307692308 0.011057692307692308
0 0.41057692307692306 0.11201923076923077 0.012980769230769231 0.012980769230769231
0 0.3139423076923077 0.07596153846153846 0.01201923076923077 0.013461538461538462
0 0.2173076923076923 0.43317307692307694 0.01201923076923077 0.013942307692307693
0 0.18365384615384617 0.5293269230769231 0.01201923076923077 0.012980769230769231
0 0.3384615384615385 0.13653846153846153 0.013942307692307693 0.014423076923076924
0 0.03461538461538462 0.10480769230769231 0.011057692307692308 0.01201923076923077
0 0.04567307692307692 0.06586538461538462 0.011057692307692308 0.011538461538461539
0 0.7120192307692308 0.1485576923076923 0.012980769230769231 0.013461538461538462
0 0.7197115384615385 0.30096153846153845 0.012980769230769231 0.013461538461538462
0 0.40384615384615385 0.46298076923076925 0.011538461538461539 0.01201923076923077
0 0.43701923076923077 0.05 0.011538461538461539 0.0125
0 0.29134615384615387 0.24951923076923077 0.01201923076923077 0.0125
0 0.5427884615384615 0.27307692307692305 0.011057692307692308 0.010576923076923078
0 0.39326923076923076 0.29903846153846153 0.014423076923076924 0.016346153846153847
0 0.1658653846153846 0.07740384615384616 0.011057692307692308 0.01201923076923077
0 0.19903846153846153 0.46778846153846154 0.01201923076923077 0.0125
0 0.00625 0.17548076923076922 0.011538461538461539 0.011538461538461539
0 0.11298076923076923 0.48701923076923076 0.011538461538461539 0.01201923076923077
0 0.1 0.14423076923076922 0.0125 0.012980769230769231
0 0.5475961538461539 0.1346153846153846 0.01201923076923077 0.01201923076923077
0 0.00625 0.41875 0.01201923076923077 0.01201923076923077
0 0.16009615384615383 0.06923076923076923 0.012980769230769231 0.0125
0 0.20817307692307693 0.1639423076923077 0.013461538461538462 0.013461538461538462
0 0.6615384615384615 0.17692307692307693 0.014423076923076924 0.014423076923076924
0 0.013461538461538462 0.21923076923076923 0.009615384615384616 0.009134615384615385
0 0.4653846153846154 0.1605769230769231 0.01875 0.019230769230769232
0 0.12596153846153846 0.2783653846153846 0.019230769230769232 0.019230769230769232
