0 0.7596153846153846 0.7 0.016826923076923076 0.01730769230769231
0 0.5134615384615384 0.6653846153846154 0.014903846153846155 0.015865384615384615
0 0.7471153846153846 0.5663461538461538 0.016826923076923076 0.01875
0 0.21826923076923077 0.4673076923076923 0.016826923076923076 0.01826923076923077
0 0.028846153846153848 0.8466346153846154 0.016346153846153847 0.014903846153846155
0 0.6168269230769231 0.7668269230769231 0.015384615384615385 0.015865384615384615
0 0.0889423076923077 0.7682692307692308 0.015384615384615385 0.016346153846153847
0 0.21394230769230768 0.38990384615384616 0.016826923076923076 0.01971153846153846
0 0.0057692307692307696 0.7942307692307692 0.008173076923076924 0.017788461538461538
0 0.13076923076923078 0.7548076923076923 0.016826923076923076 0.01730769230769231
0 0.5355769230769231 0.83125 0.01730769230769231 0.017788461538461538
0 0.3528846153846154 0.8403846153846154 0.016346153846153847 0.016346153846153847
0 0.3264423076923077 0.8052884615384616 0.01826923076923077 0.016826923076923076
0 0.29134615384615387 0.63125 0.016826923076923076 0.01875
0 0.047115384615384615 0.8278846153846153 0.016826923076923076 0.017788461538461538
0 0.37259615384615385 0.8129807692307692 0.016826923076923076 0.01730769230769231
0 0.28125 0.5971153846153846 0.016346153846153847 0.01730769230769231
0 0.14038461538461539 0.8408653846153846 0.015865384615384615 0.017788461538461538
0 0.4235576923076923 0.7716346153846154 0.01826923076923077 0.020673076923076922
0 0.6211538461538462 0.729326923076923 0.015384615384615385 0.016346153846153847
0 0.5668269230769231 0.8240384615384615 0.015384615384615385 0.014903846153846155
0 0.15721153846153846 0.8225961538461538 0.015384615384615385 0.016826923076923076
0 0.6182692307692308 0.5235576923076923 0.016826923076923076 0.016346153846153847
0 0.2605769230769231 0.7850961538461538 0.016346153846153847 0.016346153846153847
0 0.011538461538461539 0.8024038461538462 0.01971153846153846 0.025
0 0.22067307692307692 0.45528846153846153 0.015865384615384615 0.015865384615384615
0 0.1201923076923077 0.43317307692307694 0.020192307692307693 0.020192307692307693
