0 0.12067307692307692 0.4254807692307692 0.013942307692307693 0.014903846153846155
0 0.35 0.5033653846153846 0.015865384615384615 0.016346153846153847
0 0.6735576923076924 0.13125 0.015865384615384615 0.016346153846153847
0 0.42788461538461536 0.22355769230769232 0.015865384615384615 0.016346153846153847
0 0.78125 0.66875 0.015384615384615385 0.015865384615384615
0 0.0673076923076923 0.036057692307692304 0.014423076923076924 0.014903846153846155
0 0.06057692307692308 0.15576923076923077 0.015384615384615385 0.015865384615384615
0 0.58125 0.014903846153846155 0.014903846153846155 0.014903846153846155
0 0.041346153846153845 0.5100961538461538 0.015384615384615385 0.016346153846153847
0 0.21826923076923077 0.2831730769230769 0.01875 0.019230769230769232
0 0.19615384615384615 0.07163461538461538 0.014903846153846155 0.015384615384615385
0 0.30480769230769234 0.10384615384615385 0.014423076923076924 0.014903846153846155
0 0.13076923076923078 0.04326923076923077 0.014423076923076924 0.014423076923076924
0 0.7048076923076924 0.6105769230769231 0.016826923076923076 0.01875
0 0.4826923076923077 0.13653846153846153 0.013942307692307693 0.015384615384615385
0 0.33028846153846153 0.09903846153846153 0.015384615384615385 0.016346153846153847
0 0.7677884615384616 0.18653846153846154 0.015384615384615385 0.015865384615384615
0 0.6721153846153847 0.014903846153846155 0.015384615384615385 0.016346153846153847
0 0.6663461538461538 0.047596153846153844 0.014423076923076924 0.014903846153846155
0 0.7807692307692308 0.1918269230769231 0.016346153846153847 0.016346153846153847
0 0.5 0.11682692307692308 0.014423076923076924 0.014903846153846155
0 0.07115384615384615 0.0985576923076923 0.016826923076923076 0.017788461538461538
0 0.35192307692307695 0.2956730769230769 0.014423076923076924 0.014903846153846155
0 0.022115384615384617 0.25384615384615383 0.013461538461538462 0.013942307692307693
0 0.3663461538461538 0.30625 0.013461538461538462 0.014423076923076924
0 0.5072115384615384 0.6442307692307693 0.017788461538461538 0.016346153846153847
0 0.0798076923076923 0.10528846153846154 0.015384615384615385 0.016346153846153847
0 0.3581730769230769 0.30240384615384613 0.014423076923076924 0.014423076923076924
0 0.551923076923077 0.06875 0.021153846153846155 0.021153846153846155
