0 0.5129807692307692 0.3091346153846154 0.011057692307692308 0.011057692307692308
0 0.916826923076923 0.6230769230769231 0.010576923076923078 0.010576923076923078
0 0.37115384615384617 0.5201923076923077 0.013942307692307693 0.015384615384615385
0 0.27548076923076925 0.3038461538461538 0.010576923076923078 0.011057692307692308
0 0.15528846153846154 0.6307692307692307 0.010096153846153847 0.011057692307692308
0 0.11057692307692307 0.06442307692307692 0.011057692307692308 0.011538461538461539
0 0.8322115384615385 0.7639423076923076 0.0125 0.012980769230769231
0 0.6096153846153847 0.6725961538461539 0.009615384615384616 0.010096153846153847
0 0.89375 0.3211538461538462 0.010576923076923078 0.010576923076923078
0 0.4913461538461538 0.4048076923076923 0.011057692307692308 0.011057692307692308
0 0.8740384615384615 0.04278846153846154 0.011538461538461539 0.011538461538461539
0 0.43317307692307694 0.6581730769230769 0.010576923076923078 0.011057692307692308
0 0.8418269230769231 0.2980769230769231 0.0125 0.0125
0 0.7745192307692308 0.16634615384615384 0.011538461538461539 0.01201923076923077
0 0.6466346153846154 0.7408653846153846 0.010576923076923078 0.011057692307692308
0 0.9201923076923076 0.01971153846153846 0.01201923076923077 0.01201923076923077
0 0.6100961538461539 0.6076923076923076 0.01201923076923077 0.012980769230769231
0 0.3817307692307692 0.6807692307692308 0.010576923076923078 0.010576923076923078
0 0.635576923076923 0.801923076923077 0.010096153846153847 0.009615384615384616
0 0.7855769230769231 0.35384615384615387 0.0125 0.0125
0 0.5158653846153847 0.04951923076923077 0.010096153846153847 0.010576923076923078
0 0.5081730769230769 0.021153846153846155 0.010096153846153847 0.010576923076923078
0 0.6278846153846154 0.5966346153846154 0.0125 0.012980769230769231
0 0.7043269230769231 0.39471153846153845 0.0125 0.012980769230769231
0 0.4326923076923077 0.6475961538461539 0.013461538461538462 0.011538461538461539
0 0.7120192307692308 0.5947115384615385 0.01201923076923077 0.01201923076923077
0 0.07836538461538461 0.425 0.013461538461538462 0.013942307692307693
0 0.10528846153846154 0.05480769230769231 0.011057692307692308 0.01201923076923077
