0 0.8298076923076924 0.04423076923076923 0.015384615384615385 0.015865384615384615
0 0.5817307692307693 0.34423076923076923 0.014903846153846155 0.015384615384615385
0 0.7009615384615384 0.04903846153846154 0.014423076923076924 0.015384615384615385
0 0.7235576923076923 0.7870192307692307 0.014903846153846155 0.015384615384615385
0 0.4639423076923077 0.1860576923076923 0.014423076923076924 0.014423076923076924
0 0.14951923076923077 0.22451923076923078 0.016346153846153847 0.016346153846153847
0 0.14951923076923077 0.08605769230769231 0.013942307692307693 0.014423076923076924
0 0.07067307692307692 0.4639423076923077 0.014903846153846155 0.014903846153846155
0 0.30817307692307694 0.16298076923076923 0.014903846153846155 0.015865384615384615
0 0.83125 0.5168269230769231 0.014903846153846155 0.014903846153846155
0 0.698076923076923 0.7 0.0125 0.012980769230769231
0 0.026923076923076925 0.19423076923076923 0.015384615384615385 0.015865384615384615
0 0.2701923076923077 0.31634615384615383 0.014903846153846155 0.014423076923076924
0 0.21490384615384617 0.5850961538461539 0.013942307692307693 0.013461538461538462
0 0.5918269230769231 0.43701923076923077 0.014903846153846155 0.014903846153846155
0 0.1875 0.18365384615384617 0.015865384615384615 0.016346153846153847
0 0.21298076923076922 0.3802884615384615 0.01201923076923077 0.0125
0 0.7567307692307692 0.11057692307692307 0.013942307692307693 0.013942307692307693
0 0.6586538461538461 0.5096153846153846 0.015384615384615385 0.015865384615384615
0 0.8067307692307693 0.07451923076923077 0.013942307692307693 0.013461538461538462
0 0.614423076923077 0.8120192307692308 0.013942307692307693 0.014423076923076924
0 0.7673076923076924 0.7322115384615384 0.014423076923076924 0.014903846153846155
0 0.6375 0.058653846153846154 0.013461538461538462 0.013942307692307693
0 0.5836538461538462 0.11730769230769231 0.013942307692307693 0.014423076923076924
0 0.6466346153846154 0.07836538461538461 0.013942307692307693 0.014423076923076924
0 0.6110576923076924 0.5375 0.016826923076923076 0.01730769230769231
0 0.22259615384615383 0.5807692307692308 0.011538461538461539 0.01201923076923077
