0 0.5129807692307692 0.46923076923076923 0.013942307692307693 0.012980769230769231
0 0.3331730769230769 0.5600961538461539 0.01201923076923077 0.01875
0 0.5375 0.7274038461538461 0.0125 0.0125
0 0.07596153846153846 0.43990384615384615 0.013461538461538462 0.013942307692307693
0 0.45 0.8350961538461539 0.010096153846153847 0.009615384615384616
0 0.18028846153846154 0.2793269230769231 0.012980769230769231 0.014423076923076924
0 0.05096153846153846 0.35528846153846155 0.014423076923076924 0.012980769230769231
0 0.425 0.7692307692307693 0.012980769230769231 0.0125
0 0.5298076923076923 0.8350961538461539 0.013942307692307693 0.012980769230769231
0 0.2846153846153846 0.7980769230769231 0.012980769230769231 0.013461538461538462
