0 0.36538461538461536 0.44903846153846155 0.010096153846153847 0.011538461538461539
0 0.09711538461538462 0.35673076923076924 0.011538461538461539 0.012980769230769231
0 0.2173076923076923 0.7495192307692308 0.0125 0.012980769230769231
0 0.4206730769230769 0.2778846153846154 0.012980769230769231 0.013942307692307693
0 0.6764423076923077 0.16490384615384615 0.0125 0.0125
0 0.36923076923076925 0.2668269230769231 0.01201923076923077 0.013461538461538462
0 0.4043269230769231 0.3605769230769231 0.011057692307692308 0.012980769230769231
0 0.708173076923077 0.2283653846153846 0.014423076923076924 0.014903846153846155
0 0.46442307692307694 0.29423076923076924 0.013942307692307693 0.014423076923076924
0 0.40576923076923077 0.5875 0.010096153846153847 0.010096153846153847
0 0.03413461538461538 0.5110576923076923 0.007692307692307693 0.00625
0 0.6269230769230769 0.49375 0.013942307692307693 0.014423076923076924
0 0.5466346153846153 0.31634615384615383 0.013942307692307693 0.013942307692307693
0 0.31634615384615383 0.6182692307692308 0.01201923076923077 0.01201923076923077
0 0.3105769230769231 0.6389423076923076 0.011057692307692308 0.0125
