0 0.19038461538461537 0.4341346153846154 0.013942307692307693 0.014903846153846155
0 0.10576923076923077 0.44375 0.013461538461538462 0.014423076923076924
0 0.2932692307692308 0.635576923076923 0.014903846153846155 0.015384615384615385
0 0.1346153846153846 0.6307692307692307 0.012980769230769231 0.012980769230769231
0 0.2721153846153846 0.09471153846153846 0.013461538461538462 0.013461538461538462
0 0.06490384615384616 0.08701923076923077 0.012980769230769231 0.013461538461538462
0 0.48653846153846153 0.53125 0.014903846153846155 0.015384615384615385
0 0.551923076923077 0.6451923076923077 0.014423076923076924 0.015384615384615385
0 0.33028846153846153 0.5134615384615384 0.013942307692307693 0.014423076923076924
0 0.39615384615384613 0.07259615384615385 0.013942307692307693 0.013942307692307693
0 0.05336538461538461 0.4567307692307692 0.013461538461538462 0.013942307692307693
0 0.29375 0.58125 0.014423076923076924 0.014423076923076924
0 0.28076923076923077 0.2552884615384615 0.014423076923076924 0.013942307692307693
0 0.3033653846153846 0.5721153846153846 0.014903846153846155 0.013942307692307693
0 0.38317307692307695 0.1735576923076923 0.01201923076923077 0.0125
