0 0.38509615384615387 0.028365384615384615 0.011057692307692308 0.010576923076923078
0 0.29951923076923076 0.010096153846153847 0.014423076923076924 0.014903846153846155
0 0.17403846153846153 0.6485576923076923 0.011538461538461539 0.01201923076923077
0 0.09086538461538461 0.04567307692307692 0.013942307692307693 0.013942307692307693
0 0.14182692307692307 0.5850961538461539 0.013461538461538462 0.014423076923076924
0 0.6120192307692308 0.4264423076923077 0.0057692307692307696 0.00625
0 0.7278846153846154 0.666826923076923 0.013461538461538462 0.013942307692307693
0 0.5432692307692307 0.6701923076923076 0.006730769230769231 0.006730769230769231
0 0.06875 0.7841346153846154 0.011057692307692308 0.012980769230769231
0 0.10721153846153846 0.6375 0.011057692307692308 0.011538461538461539
0 0.14375 0.6639423076923077 0.01201923076923077 0.01201923076923077
0 0.47451923076923075 0.5605769230769231 0.009615384615384616 0.0125
0 0.16923076923076924 0.4567307692307692 0.0057692307692307696 0.00625
0 0.60625 0.3769230769230769 0.010576923076923078 0.011538461538461539
0 0.35192307692307695 0.3591346153846154 0.011057692307692308 0.012980769230769231
0 0.4514423076923077 0.07836538461538461 0.006730769230769231 0.008653846153846154
0 0.03461538461538462 0.10913461538461539 0.010576923076923078 0.01201923076923077
0 0.5528846153846154 0.3639423076923077 0.011538461538461539 0.011538461538461539
0 0.14567307692307693 0.6971153846153846 0.006730769230769231 0.006730769230769231
0 0.12259615384615384 0.30240384615384613 0.010576923076923078 0.011538461538461539
0 0.07596153846153846 0.10240384615384615 0.006730769230769231 0.00625
0 0.6432692307692308 0.6 0.011057692307692308 0.012980769230769231
0 0.25 0.4149038461538462 0.013461538461538462 0.013461538461538462
0 0.6552884615384615 0.3625 0.013942307692307693 0.014903846153846155
0 0.40528846153846154 0.07163461538461538 0.006730769230769231 0.007211538461538462
0 0.20096153846153847 0.41009615384615383 0.012980769230769231 0.013942307692307693
0 0.23461538461538461 0.7620192307692307 0.01201923076923077 0.014903846153846155
0 0.45 0.09951923076923076 0.0057692307692307696 0.007211538461538462
